1000
776 1320
1 768 4
1 3 1
1 2 1
3 674 1
3 4 1
4 6 2
4 5 1
6 684 2
6 8 1
6 7 1
7 9 1
8 18 1
8 9 1
9 11 1
9 10 1
11 18 1
11 13 1
11 12 1
12 14 1
13 17 1
13 16 1
13 14 1
14 680 1
15 700 2
15 17 1
15 21 1
15 16 1
16 680 1
17 22 1
17 18 1
18 19 1
19 22 1
19 20 1
20 684 2
20 687 2
20 24 1
21 23 1
21 22 1
22 24 1
23 686 2
23 24 1
25 28 1
25 27 1
25 26 1
26 690 2
26 688 2
26 31 1
27 29 1
27 32 1
27 31 1
28 693 2
28 700 2
28 29 1
29 33 1
30 34 1
30 37 1
30 32 1
30 31 1
32 33 1
33 40 1
33 38 1
34 36 1
34 513 1
35 345 1
35 307 1
35 36 1
36 59 1
36 37 1
37 307 1
38 557 1
38 41 1
39 42 1
39 307 2
39 40 1
40 41 1
41 43 1
41 42 1
42 44 1
43 557 1
43 44 1
44 708 2
45 48 1
45 160 1
45 46 1
46 696 2
46 694 2
46 47 1
47 52 1
47 48 1
48 55 1
48 49 1
49 160 1
49 50 1
50 55 1
50 56 1
51 54 1
51 53 1
51 52 1
52 723 2
52 55 1
53 699 2
53 58 1
54 58 1
54 56 1
54 55 1
56 57 1
57 155 4
57 58 1
59 513 1
59 345 1
60 230 1
60 489 1
60 62 1
60 61 1
61 594 1
61 418 1
62 418 1
62 63 1
63 718 2
63 76 2
63 489 1
64 263 1
64 267 1
64 257 1
64 65 1
65 258 1
65 240 1
65 234 1
66 71 1
66 76 1
66 67 1
67 578 2
67 70 1
68 520 1
68 543 1
68 137 1
68 69 1
69 138 1
69 510 1
69 465 1
70 261 1
70 71 1
71 97 1
71 72 1
72 83 1
72 81 1
72 76 1
73 433 1
73 550 1
73 74 1
74 434 1
74 243 1
74 178 1
75 335 1
75 83 1
75 76 1
77 454 1
77 453 1
77 445 1
77 78 1
78 446 1
78 449 1
79 563 1
79 536 1
79 552 1
79 80 1
80 559 1
80 385 1
80 545 1
81 118 1
81 97 1
81 84 1
82 107 1
82 145 1
82 335 1
82 83 1
83 84 1
84 145 1
84 98 1
85 277 1
85 200 1
85 281 1
85 86 1
86 758 4
86 350 1
86 279 1
87 92 1
87 93 1
87 88 1
88 718 2
88 418 2
88 112 1
89 705 2
89 91 1
89 90 1
90 92 1
90 113 1
91 93 1
91 92 1
92 112 1
93 96 1
93 94 1
94 100 1
94 95 1
95 99 1
95 103 1
95 96 1
96 413 1
97 261 1
97 116 1
98 121 1
98 118 1
98 119 1
99 104 1
99 100 1
100 705 2
101 224 2
101 109 1
101 102 1
102 145 1
102 107 1
103 413 1
103 104 1
104 165 1
104 126 1
105 220 1
105 222 1
105 214 1
105 106 1
106 412 1
106 218 1
106 301 1
107 109 1
107 108 1
108 682 1
108 335 1
109 682 1
110 482 1
110 254 1
110 111 1
111 253 1
111 264 1
111 240 1
112 113 1
113 702 2
114 116 1
114 117 1
114 115 1
115 123 2
115 244 1
116 118 1
116 244 1
117 518 1
117 119 1
117 118 1
119 662 1
119 120 1
120 656 1
120 121 1
121 145 1
122 125 1
122 129 1
122 123 1
123 128 1
124 131 1
124 129 1
124 125 1
125 731 2
126 169 1
126 342 1
127 502 1
127 518 1
127 204 1
127 128 1
128 129 1
129 502 1
130 641 1
130 134 1
130 131 1
131 653 1
131 502 1
132 743 2
132 652 1
132 741 2
132 133 1
133 633 1
133 632 1
134 731 2
134 136 1
135 152 1
135 151 1
135 136 1
136 641 1
137 541 1
137 248 1
137 138 1
138 516 1
138 514 1
139 147 1
139 146 1
139 140 1
140 656 1
140 144 1
140 204 1
141 330 2
141 404 2
141 344 1
141 142 1
142 343 1
142 340 1
143 653 1
143 151 1
143 148 1
143 144 1
144 147 1
146 158 1
146 156 1
147 148 1
147 158 1
148 162 1
148 153 1
149 584 1
149 610 1
149 166 1
149 150 1
150 167 1
150 245 1
151 641 1
151 153 1
152 163 1
152 153 1
153 161 1
154 631 1
154 517 1
154 155 1
155 293 4
155 402 1
156 278 1
156 157 1
157 677 1
157 159 1
157 158 1
158 162 1
159 162 1
159 434 1
159 178 1
160 734 4
160 698 2
161 163 1
161 434 1
161 162 1
163 433 1
164 183 1
164 181 1
164 165 1
165 342 1
166 667 1
166 569 1
166 167 1
167 664 1
168 342 1
168 179 1
168 174 1
168 169 1
169 682 2
169 616 1
170 713 2
170 422 1
170 438 4
170 171 1
171 420 1
171 414 1
172 382 2
172 304 1
172 421 1
172 173 1
173 284 1
173 287 1
174 181 1
174 185 1
174 175 1
175 479 1
175 179 1
176 447 1
176 429 1
176 177 1
177 519 1
177 724 2
177 428 1
178 677 1
178 246 1
179 616 1
179 180 1
180 474 1
180 479 1
180 224 1
181 182 1
181 342 1
182 185 1
182 184 1
182 183 1
183 205 1
184 209 1
184 457 1
184 205 1
185 457 1
186 199 1
186 188 1
186 187 1
187 705 4
187 189 1
188 196 1
188 198 1
188 189 1
189 190 1
190 196 1
190 191 1
191 205 1
191 194 1
192 642 1
192 575 1
192 193 1
193 639 1
193 239 1
194 196 1
194 207 1
194 197 1
195 197 1
195 198 1
195 201 1
195 196 1
197 206 1
198 200 1
198 199 1
199 350 1
200 350 1
200 201 1
201 281 1
202 499 1
202 493 1
202 490 1
202 203 1
203 572 1
203 492 1
203 317 1
204 662 1
205 207 1
206 208 1
206 219 1
206 207 1
207 209 1
208 412 1
208 218 1
208 209 1
209 384 1
210 562 1
210 560 1
210 211 1
211 559 1
211 561 1
211 558 1
212 256 1
212 258 1
212 233 1
212 213 1
213 457 1
213 215 1
214 221 1
214 412 1
214 215 1
215 256 1
215 384 1
216 254 1
216 252 1
216 217 1
217 278 2
217 253 1
217 237 1
218 299 1
218 219 1
219 286 1
220 306 1
220 221 1
221 256 1
221 614 1
222 301 1
222 306 1
222 305 1
223 226 1
223 474 1
223 224 1
224 616 1
225 474 1
225 227 1
225 226 1
226 278 2
227 237 1
227 229 1
227 234 1
228 258 1
228 233 1
228 234 1
228 229 1
229 474 1
229 479 1
230 578 1
230 594 1
231 465 1
231 510 1
231 439 1
231 232 1
232 540 1
232 512 1
232 294 1
233 479 1
234 238 1
235 681 1
235 626 1
235 236 1
237 238 1
238 253 1
238 240 1
239 329 1
239 293 1
240 263 1
241 488 1
241 321 1
241 309 1
241 242 1
242 480 1
242 486 1
242 483 1
243 550 1
243 251 1
243 246 1
244 261 1
245 610 1
245 675 1
246 252 1
247 498 1
247 541 1
247 505 1
247 248 1
248 514 1
248 308 1
249 470 1
249 461 1
249 456 1
249 250 1
250 453 1
250 454 1
250 450 1
251 670 1
251 252 1
252 255 1
253 254 1
254 255 1
255 482 1
256 257 1
257 614 1
257 258 1
259 366 1
259 358 1
259 260 1
260 344 1
260 704 2
260 276 1
262 265 1
262 272 1
262 267 1
262 263 1
263 264 1
264 265 1
265 268 1
266 360 1
266 272 1
266 267 1
267 614 1
268 275 1
268 272 1
269 316 1
269 336 1
269 337 1
269 270 1
270 313 1
270 315 1
270 312 1
271 275 1
271 360 1
271 272 1
273 508 1
273 303 1
273 274 1
274 501 1
274 648 2
274 468 1
275 719 2
275 714 2
276 341 1
276 343 1
276 358 1
277 280 1
277 291 1
277 279 1
278 677 1
279 289 1
280 284 1
280 287 1
280 281 1
281 285 1
282 283 1
283 650 1
283 485 1
283 583 1
284 304 1
284 285 1
285 286 1
286 304 1
286 299 1
287 297 1
287 291 1
288 290 1
288 292 1
288 289 1
289 291 1
290 297 1
290 296 1
290 291 1
292 759 4
292 717 2
292 296 1
293 511 1
294 534 1
294 510 1
294 295 1
295 516 1
295 509 1
295 387 1
296 298 1
297 298 1
298 320 1
298 406 1
299 301 1
299 300 1
300 311 1
300 421 1
300 304 1
301 311 1
302 505 1
302 546 1
302 508 1
302 303 1
303 501 1
303 504 1
305 313 1
305 326 1
305 311 1
306 360 2
306 326 1
308 498 1
308 488 1
308 309 1
309 495 1
309 353 1
310 313 1
310 312 1
310 421 1
310 311 1
312 316 1
313 314 1
314 326 1
314 315 1
315 337 1
316 333 1
316 334 1
317 472 2
317 490 1
317 318 1
318 605 1
318 572 1
319 406 1
319 323 1
319 322 1
319 320 1
320 325 1
321 460 1
321 495 1
321 483 1
322 327 1
322 590 1
322 325 1
323 590 1
323 382 1
323 332 1
324 383 1
324 327 1
324 325 1
325 717 2
327 331 1
327 328 1
328 391 1
328 330 1
328 383 1
329 639 1
329 581 1
329 511 1
330 389 1
330 331 1
331 590 1
332 334 1
332 463 1
332 333 1
333 382 1
334 340 1
334 336 1
335 718 2
336 339 1
336 338 1
337 339 1
337 346 1
338 343 1
338 340 1
338 341 1
339 348 1
339 341 1
340 463 1
341 357 1
343 344 1
345 775 16
345 751 8
346 348 1
346 347 1
347 351 1
347 349 1
348 349 1
348 357 1
349 352 1
349 359 1
351 368 1
351 352 1
352 362 1
352 354 1
353 496 1
353 503 1
353 498 1
354 368 1
354 538 1
354 369 1
355 749 2
355 585 1
355 356 1
356 675 1
356 610 1
357 359 1
357 358 1
358 361 1
359 361 1
359 362 1
361 363 1
361 366 1
362 369 1
362 363 1
363 519 1
363 428 1
364 551 1
364 544 1
364 365 1
365 543 1
365 542 1
365 547 1
366 428 1
366 425 1
367 372 1
367 538 1
367 368 1
368 714 2
369 519 1
369 370 1
370 538 1
370 380 1
371 538 1
371 380 1
371 376 1
371 372 1
372 720 2
372 375 1
373 660 1
373 669 1
373 569 1
373 374 1
374 668 1
374 664 1
375 378 1
375 376 1
376 377 1
376 379 1
377 381 1
377 378 1
378 762 4
378 722 2
379 381 1
379 380 1
380 724 2
381 691 2
382 406 1
383 716 2
383 476 1
384 457 1
384 412 1
385 532 1
385 536 1
385 386 1
386 520 1
386 545 1
386 531 1
387 534 1
387 388 1
388 477 2
388 509 1
389 394 1
389 391 1
390 394 1
390 398 1
390 393 1
390 391 1
391 476 1
392 396 1
392 398 1
392 393 1
393 726 2
393 476 1
394 397 1
394 400 1
395 398 1
395 399 1
395 396 1
396 411 2
396 715 2
397 401 1
397 399 1
397 398 1
399 414 2
399 405 1
400 404 1
400 401 1
401 408 1
401 405 1
402 517 1
402 403 1
403 734 2
403 407 1
404 704 2
404 408 1
405 409 1
407 628 1
407 517 1
408 409 1
409 727 2
410 420 1
410 419 1
410 411 1
411 725 2
411 415 1
413 682 2
413 718 2
414 415 1
415 420 1
416 588 1
416 562 1
416 417 1
417 561 1
417 564 1
417 555 1
418 702 2
419 707 2
419 748 2
419 422 1
420 422 1
423 537 1
423 529 1
423 424 1
424 535 1
424 530 1
424 515 1
425 429 1
425 432 1
426 733 2
426 427 1
427 672 1
427 665 1
428 429 1
429 448 1
430 645 1
430 646 1
430 431 1
431 581 1
431 639 1
431 589 1
432 728 2
432 704 2
432 448 1
433 434 1
435 442 1
435 438 1
435 436 1
436 727 2
436 437 1
437 640 1
437 442 1
438 769 4
438 443 1
439 512 1
439 525 1
439 531 1
440 508 2
440 673 1
440 606 1
440 441 1
441 663 1
441 648 1
442 444 1
442 443 1
443 593 1
444 640 1
444 593 1
445 452 1
445 446 1
446 775 16
447 729 2
447 448 1
449 455 1
449 454 1
450 472 1
450 461 1
450 451 1
451 453 1
451 466 1
451 464 1
452 453 1
452 464 1
454 456 1
455 475 1
455 456 1
456 462 1
458 672 1
458 459 1
459 586 1
459 666 1
459 621 1
460 470 1
460 473 1
460 461 1
461 471 1
462 481 1
462 470 1
462 475 1
463 590 1
464 467 1
465 531 1
465 520 1
466 472 1
466 467 1
467 605 2
468 500 1
468 469 1
469 493 1
469 568 1
469 499 1
470 483 1
471 473 1
471 472 1
473 495 1
473 494 1
475 478 1
477 480 1
477 478 1
478 481 1
480 481 1
481 483 1
482 711 2
484 485 1
485 649 1
486 488 1
486 487 1
487 516 1
487 509 1
487 514 1
488 514 1
489 578 1
490 491 1
491 497 1
491 494 1
491 499 1
492 566 1
492 678 1
492 493 1
493 676 1
494 496 1
495 496 1
496 497 1
497 503 1
497 500 1
498 504 1
499 500 1
500 501 1
501 503 1
503 504 1
504 505 1
505 542 1
506 576 1
506 623 1
506 507 1
507 539 2
507 624 1
508 580 1
510 516 1
511 582 1
512 523 1
512 521 1
513 690 2
515 533 1
515 553 1
515 537 1
517 598 1
518 662 1
520 544 1
521 540 1
521 522 1
522 524 1
522 523 1
523 526 1
523 525 1
524 526 1
524 528 1
525 535 1
525 532 1
526 530 1
526 535 1
527 756 4
527 529 1
527 734 4
527 528 1
528 530 1
529 530 1
531 532 1
532 533 1
533 535 1
533 536 1
534 540 1
536 553 1
537 539 1
539 554 1
539 553 1
541 543 1
541 542 1
542 546 1
543 544 1
544 545 1
545 551 1
546 547 1
546 580 1
547 579 1
548 628 1
548 625 1
548 549 1
549 734 2
549 577 1
550 670 1
551 559 1
551 558 1
552 554 1
552 555 1
552 553 1
554 556 1
555 556 1
555 563 1
556 635 2
556 564 1
557 709 2
557 693 2
558 560 1
559 563 1
560 615 1
560 595 1
561 562 1
561 563 1
562 596 2
564 588 1
565 566 1
566 613 1
566 572 1
567 568 1
568 676 1
569 620 1
569 664 1
570 655 1
570 571 1
571 619 1
571 596 1
572 604 1
573 615 1
573 595 1
573 597 1
573 574 1
574 601 1
574 579 1
575 643 1
575 639 1
575 589 1
576 637 1
576 629 1
576 577 1
577 625 1
579 615 1
579 580 1
581 582 1
582 748 2
583 651 1
583 649 1
584 732 2
584 667 1
584 585 1
585 610 1
586 622 1
586 634 1
586 587 1
587 660 1
588 738 2
588 619 2
589 645 1
589 612 1
591 753 2
591 732 2
591 621 1
591 592 1
592 622 1
592 620 1
593 730 2
594 703 2
595 603 1
596 603 2
596 655 1
597 603 1
597 602 1
597 601 1
598 628 1
598 633 1
598 631 1
599 600 1
600 673 1
600 606 1
600 608 1
601 608 1
601 606 1
602 617 1
602 609 1
602 608 1
603 617 1
604 613 1
604 605 1
607 608 1
611 645 1
611 658 1
611 612 1
612 735 2
612 643 1
613 659 1
617 644 1
618 619 1
620 660 1
620 667 1
621 622 1
622 660 1
623 637 1
623 636 1
623 624 1
624 635 1
625 630 1
625 629 1
626 733 2
626 755 2
626 627 1
628 630 1
629 632 1
630 633 1
630 632 1
631 652 1
632 736 2
633 652 1
635 738 2
635 636 1
636 638 1
637 638 1
638 736 2
638 737 2
640 728 2
640 710 2
641 653 1
642 744 2
642 743 2
642 643 1
645 647 1
646 707 2
646 748 2
646 647 1
647 658 1
648 657 1
648 654 1
649 744 2
649 701 2
650 651 1
651 735 2
651 679 1
655 661 1
656 662 1
658 706 2
658 747 2
665 753 2
665 745 2
665 666 1
666 672 1
670 711 2
671 672 1
675 730 4
675 761 4
680 688 2
680 683 2
684 685 2
685 768 4
685 687 2
686 705 8
686 692 4
686 687 2
688 700 2
688 689 2
691 765 4
691 761 4
691 724 2
692 709 2
692 693 2
694 698 2
694 697 2
694 695 2
695 751 2
695 696 2
696 723 2
697 756 2
697 751 2
698 756 2
699 760 4
699 757 4
699 723 2
701 739 2
701 750 2
701 742 2
702 703 2
703 768 8
704 727 2
706 707 2
707 713 2
708 757 4
708 758 4
708 709 2
710 729 2
710 730 2
711 721 4
712 713 2
714 720 2
715 726 2
715 725 2
716 760 4
716 726 2
716 717 2
719 721 2
719 720 2
720 722 2
721 763 4
721 722 2
725 748 2
727 728 2
728 729 2
729 761 4
731 776 16
732 749 2
733 754 2
733 745 2
735 747 2
735 744 2
736 741 2
736 740 2
737 740 2
737 738 2
739 752 2
739 741 2
739 740 2
741 742 2
742 744 2
742 743 2
745 746 2
746 770 4
746 753 2
749 770 4
757 759 4
758 759 4
759 760 4
762 765 4
762 766 4
762 763 4
763 764 4
764 773 8
764 766 4
765 767 4
766 767 4
767 770 8
767 772 8
770 771 8
771 774 8
771 772 8
772 773 8
773 776 16
10
186 37 1 1
730 34 1 1
697 67 1 1
185 79 3 1 2 3
538 65 1 2
525 59 2 1 2
572 70 3 1 2 3
594 86 3 1 2 3
277 63 1 1
663 71 2 1 3
251
1 3 1210 642
29 155 0 156 1265443 181 1179719 207 875175 232 706592 258 600466 283 690055 309 1160812 334 1637187 359 1340499 385 990749 410 1355014 436 2039133 461 2929558 487 1981365 512 1984509 537 2265122 563 3721425 588 2095125 614 1736164 639 1803403 664 1781221 690 1780747 715 1448685 741 1322209 766 1236193 792 1629416 817 1052596 818 0
0
2 1 1320 402
37 73 0 74 410305 99 317477 124 368800 150 324857 175 220382 200 120977 225 204493 250 274906 276 277614 301 487869 326 276707 351 288500 376 299740 402 531330 427 713223 452 884705 477 670944 503 859903 528 1092363 553 1382927 578 2329008 603 1801085 629 1683100 654 1380726 679 993634 704 1538780 729 2343437 755 1728090 780 1969718 805 2711917 830 2639653 855 4317093 881 3665069 906 3015090 931 4329236 932 0
1 1
3 2 541 225
38 94 0 95 352353 120 856541 145 904283 171 899934 196 567076 221 503024 246 583471 272 405451 297 245841 322 385354 347 470797 373 495945 398 476130 423 887103 448 1190951 473 1750509 499 1489379 524 1500155 549 2764979 574 3066254 600 2324826 625 2055701 650 1922671 675 2852335 700 1824316 726 1587256 751 2940348 776 2266864 801 1430808 827 2362567 852 2708743 877 2611634 902 4052927 928 2821886 953 1662836 978 1968162 979 0
0
4 1 880 586
36 151 0 152 470783 177 590892 202 1735452 227 2020064 252 2506769 277 2121798 302 1458426 327 2288529 352 2399193 377 1789773 402 1145308 427 1290988 452 1506025 477 1824086 502 1523964 527 1683978 552 1833795 577 1421774 602 1806661 627 1591541 652 1414551 677 1080089 702 1106524 727 1122566 752 911553 777 1446196 802 1293597 827 1247137 852 2138295 877 2084092 902 2080361 927 839909 952 1000004 977 373040 978 0
1 3
5 1 1078 445
42 0 0 1 793116 26 1195284 51 1063833 76 1050591 101 663124 127 544439 152 679798 177 595679 202 971278 227 796184 252 766479 277 620066 302 433934 327 504321 352 389396 378 427860 403 681653 428 492273 453 422103 478 641004 503 680393 528 503028 553 909580 578 1233478 603 877419 629 824317 654 340256 679 287910 704 394139 729 367173 754 527720 779 642025 804 518405 829 1409073 854 1485417 880 1796223 905 2401009 930 2636722 955 4198910 980 1865724 981 0
2 6 4
6 2 727 162
39 8 0 9 120416 34 89403 60 83668 85 81745 110 104983 135 101087 161 152814 186 156038 211 270630 237 295860 262 331197 287 396228 312 582577 338 558459 363 552202 388 387473 413 395255 439 602726 464 664522 489 631215 515 822324 540 1517266 565 2012416 590 2083390 616 1541829 641 1397259 666 2997520 691 2310903 717 2589756 742 1700225 767 4747414 793 3912909 818 3787122 843 4172237 868 4039695 894 3312351 919 2111371 920 0
0
7 2 1347 513
34 48 0 49 259228 74 337588 98 250323 123 303984 148 249240 172 431476 197 361193 222 600398 246 602017 271 1431489 296 1968672 320 2316798 345 2698577 370 1554020 394 2086261 419 1633089 444 1347606 469 1434913 493 1783916 518 1294479 543 626636 567 377340 592 313887 617 636203 641 768798 666 961236 691 954458 715 1084317 740 1293188 765 1396004 789 1270172 814 3414780 815 0
0
8 1 501 653
26 399 0 400 834880 425 1179315 450 953566 475 772318 500 663090 525 413348 550 519424 575 1009306 600 976786 625 810428 650 434944 675 742241 700 1093462 725 1238822 750 1221860 775 1505636 800 2061755 825 1438407 850 1520998 875 1521317 900 1152146 925 1472194 950 1565946 975 1695499 976 0
0
9 3 579 357
19 495 0 496 491583 521 629391 545 739256 570 467599 595 543974 619 1045437 644 744067 668 595549 693 648283 718 793400 742 916845 767 1664062 791 1239116 816 1966454 841 2253304 865 1649197 890 986586 891 0
1 8
10 1 1225 145
23 142 0 143 2154534 168 2262225 193 3244315 218 4011397 242 1595452 267 1568652 292 1268867 317 1246009 342 830958 367 513137 391 667758 416 904587 441 789268 466 485579 491 512280 516 394751 541 300683 565 238894 590 245853 615 363854 640 287217 641 0
2 9 8
11 1 1185 715
40 77 0 78 183717 103 126861 128 114966 153 141274 178 255833 203 340548 228 321060 252 332811 277 627394 302 778350 327 643454 352 731162 377 959279 402 985413 427 793242 452 1331685 477 1079097 502 1181313 527 1326791 551 1691440 576 2400161 601 1614044 626 1459962 651 1143444 676 1288142 701 1418486 726 909159 751 1377885 776 1232181 801 1788776 826 1495292 850 798747 875 619925 900 506715 925 364431 950 530560 975 461048 1000 298891 1001 0
0
12 3 793 13
30 276 0 277 880346 302 861503 327 1497204 352 2023357 377 2662778 402 1956465 427 1882774 452 1758649 477 862719 502 871987 527 904138 552 308649 577 424266 602 782356 626 892123 651 929942 676 427701 701 312735 726 308256 751 158353 776 157944 801 182221 826 202508 851 345610 876 619755 901 743764 926 528693 951 554905 952 0
3 14 13 11
13 3 1445 679
19 586 0 587 2156151 612 1497301 637 1120319 662 1337926 687 975505 712 1236949 737 1022438 762 881420 787 1441582 812 1335050 837 1134714 862 1836532 887 3974060 912 3231227 937 2717387 962 2461156 987 1444967 988 0
0
14 2 1234 530
9 623 0 624 769187 650 661127 675 1165159 701 1893159 727 1161034 752 1542090 778 1096611 779 0
0
15 1 1270 284
30 117 0 118 755872 143 932704 167 1082567 192 1012793 216 1375835 241 797389 265 964828 290 751983 314 1113156 339 1158617 363 1762500 388 1103370 412 1170154 437 930676 461 1206398 486 1269953 510 1273877 535 1109779 559 1056327 584 941610 608 945763 633 676063 657 908464 682 1161236 706 897775 731 1196509 755 901160 780 877741 781 0
0
16 2 550 363
18 618 0 619 1449685 643 1244740 668 971383 692 921610 716 1098250 740 1255394 765 2594565 789 1973432 813 1684470 837 2354646 862 1952576 886 1192609 910 940028 934 697019 959 520193 983 374574 984 0
0
17 1 1243 668
28 367 0 368 857020 393 1186085 418 1487415 442 1248498 467 1900779 492 1660557 517 1634117 542 1731061 566 1551133 591 2353427 616 1622643 641 1285534 666 1518946 690 3142210 715 1562155 740 1658223 765 3553457 790 2096675 814 1193065 839 2891943 864 3001712 889 1824522 914 1323922 938 2250486 963 1679379 988 1916564 989 0
1 16
18 2 1069 380
17 638 0 639 2515183 664 2497766 688 1937430 713 1672157 738 1390002 763 1275294 787 975979 812 723123 837 508380 861 999808 886 927074 911 855786 936 435804 960 644470 985 714801 986 0
0
19 2 623 316
16 678 0 679 2266054 703 1886358 728 1492581 752 1857669 777 1312980 801 998395 826 737950 850 1077500 875 1559408 899 1456400 924 1214767 948 593650 973 744519 997 621876 998 0
2 20 18
20 2 1330 323
43 7 0 8 1903768 33 1306777 58 1358794 82 1830816 107 3269392 132 3723494 157 2958096 182 2991622 206 3055003 231 3757264 256 5051999 281 3062715 306 1689344 330 1527878 355 984918 380 647561 405 967109 430 686605 454 478628 479 395657 504 450208 529 356903 554 296881 578 519510 603 419117 628 375374 653 261105 678 178663 702 154635 727 114652 752 116030 777 117657 802 85744 826 72743 851 106019 876 111618 901 146349 926 175257 950 240211 975 451322 1000 617864 1001 0
0
21 3 1090 40
22 87 0 88 1806642 114 1177944 139 1306902 165 1552134 190 2266488 216 2021969 241 3195282 267 2585002 292 1766829 318 1226320 343 1539125 369 1364118 394 1051833 420 851317 445 741104 471 831750 496 1277721 522 1332736 547 3047340 573 2911244 574 0
0
22 2 700 48
14 460 0 461 917367 486 1459385 512 1296545 537 1293982 562 1218104 587 1439060 613 2810632 638 2050104 663 1529975 688 1651787 714 3510982 739 2219554 740 0
1 21
23 3 1347 546
37 68 0 69 1841536 94 1742225 119 2480912 144 2911185 169 2208193 195 4402021 220 4073217 245 2683504 270 2928144 295 1839769 320 1220456 345 2163960 370 2393825 396 2743024 421 994375 446 820279 471 934789 496 892271 521 832318 546 456166 571 540334 596 485000 622 358492 647 321178 672 371060 697 329978 722 274504 747 511919 772 407723 797 436127 823 402651 848 508192 873 884885 898 887151 923 1178865 924 0
3 24 22 21
24 1 527 616
29 39 0 40 216830 65 198017 89 149306 114 116070 139 159287 163 163281 188 185192 213 267436 238 327276 262 302120 287 357489 312 460866 336 448380 361 471452 386 643047 410 618231 435 582978 460 463037 484 472751 509 673031 534 757669 559 1463981 583 1310081 608 1455797 633 1623964 657 2644812 682 3606809 683 0
0
25 3 802 516
34 30 0 31 958646 56 620684 81 1055428 106 867175 130 960523 155 1199966 180 2219101 205 2274412 230 2211793 255 3020342 280 2501741 305 1996142 329 1541142 354 1016675 379 1149755 404 809669 429 908143 454 749753 479 1003481 504 2027268 528 1995306 553 1742217 578 1338545 603 1227535 628 1185898 653 1710983 678 1445424 703 1206616 727 1813386 752 1551702 777 1701123 802 2880578 803 0
0
26 3 745 553
35 95 0 96 1717274 121 986354 146 731356 172 908316 197 1248418 222 1115034 247 1567731 273 1317763 298 1522193 323 2402894 348 2253754 373 2157812 399 1498345 424 919119 449 521288 474 613565 499 919165 525 2120857 550 2291242 575 1665232 600 1232885 626 1328769 651 1559376 676 1118141 701 1251932 726 774418 752 703571 777 639154 802 415609 827 420900 853 261817 878 328066 903 272051 904 0
1 25
27 1 879 592
13 158 0 159 204153 185 153377 210 142470 236 90480 262 170571 287 152282 313 302373 339 1021386 365 1147243 390 1661817 416 2387950 417 0
1 25
28 3 1371 207
17 5 0 6 3006116 30 2215900 54 1196506 78 819375 102 759241 126 732010 150 661812 175 736975 199 812242 223 789872 247 631851 271 730473 295 711062 319 624563 343 699464 344 0
3 27 26 25
29 2 947 482
13 493 0 494 960325 520 1325356 546 1155439 572 1018077 598 1023360 624 1096453 650 1682581 676 1113997 702 1541367 728 1233514 754 1196708 755 0
0
30 1 1107 266
23 28 0 29 1269826 54 1354569 78 1586283 103 1844260 127 2259335 152 2044194 177 1254864 201 1100380 226 1573748 250 1094250 275 1262632 300 1179948 324 815873 349 901163 373 1029780 398 776602 423 793956 447 717084 472 553548 496 512682 521 667538 522 0
1 29
31 2 1070 295
42 9 0 10 898280 35 1585695 60 1255035 85 812241 110 953338 136 911196 161 967765 186 561376 211 381863 236 663108 261 706764 286 998106 311 802994 336 528357 361 438742 387 580592 412 420508 437 310472 462 395827 487 578913 512 632789 537 471193 562 654352 587 715418 612 810690 638 1490988 663 1318813 688 1040631 713 1327302 738 1009364 763 1588113 788 2239385 813 2071612 838 1929230 863 1661174 889 1684242 914 2313331 939 2667981 964 3156700 989 5245536 990 0
3 32 30 29
32 1 1493 412
42 4 0 5 887688 30 1407916 55 1440224 80 928259 105 1393157 130 1373955 155 2461562 181 2573286 206 1243762 231 1643539 256 1975866 281 1519994 306 1637026 331 1477043 356 800465 381 918575 406 901054 431 1168045 456 1070576 481 1198965 507 1701901 532 1303381 557 1937638 582 1224119 607 687949 632 550328 657 706436 682 528051 707 305786 732 547200 757 942808 782 677855 807 672740 833 832877 858 1299362 883 1938850 908 2271708 933 2927743 958 4346846 983 3934590 984 0
0
33 3 773 188
20 145 0 146 769568 171 831446 196 955678 221 1687902 246 1882445 272 2156258 297 1928059 322 1689323 347 1919551 372 1193391 397 1094072 422 1185343 447 1021630 473 858800 498 723769 523 817495 548 573837 573 383208 574 0
0
34 1 930 586
13 175 0 176 1459697 201 1146207 226 1422946 251 2033791 276 974077 301 1010158 326 2111159 351 2390948 376 1399705 401 1500601 426 1509982 427 0
0
35 3 1266 119
23 243 0 244 775617 269 674389 294 473976 319 663701 343 640437 368 642044 393 635265 418 598349 443 871179 468 1020483 493 1158541 517 1521173 542 1375223 567 1620887 592 1863931 617 1903507 642 1334825 666 1020101 691 482856 716 467351 741 703448 742 0
0
36 3 1244 61
8 199 0 200 1731717 227 1621624 254 1893736 281 1755911 308 2629205 335 1756219 336 0
1 35
37 2 688 305
23 347 0 348 3356545 373 3597828 397 1719817 422 921179 446 1270353 471 1026952 496 991326 520 1404433 545 984921 569 1020744 594 715697 619 729999 643 709022 668 596963 692 1059044 717 1652629 742 1732449 766 1430157 791 944051 815 1424776 840 2718970 841 0
0
38 1 565 65
33 60 0 61 2611592 86 4288740 110 2489635 135 3473036 160 4042904 184 3252195 209 2480075 234 3658052 258 1351574 283 1139596 308 1323383 332 943137 357 557798 382 289729 406 299225 431 254088 456 232784 480 272171 505 225982 530 143143 554 183587 579 314853 604 419221 628 414058 653 291922 678 324237 702 421543 727 517958 752 945320 776 567452 801 476535 802 0
1 37
39 3 1461 536
14 663 0 664 660119 689 1223189 713 1302614 738 1334484 763 1434755 787 970752 812 980331 836 880007 861 888944 886 1206508 910 1215477 935 1331134 936 0
0
40 3 871 376
14 622 0 623 1173046 649 1622688 675 1960322 701 2312684 727 2200892 753 2439288 779 1259273 805 1316442 831 717085 857 609752 883 547917 909 194280 910 0
1 39
41 1 1220 103
16 124 0 125 3017742 150 2427295 176 1828885 201 1871049 227 1323583 252 1342337 277 1254421 303 1126548 328 737075 353 646851 379 512373 404 1014664 430 1066497 455 1070924 456 0
2 40 39
42 1 1299 196
28 290 0 291 1321303 316 1281402 341 1404019 366 1376237 391 1378325 416 1902798 441 2075506 465 2098970 490 2598485 515 1593003 540 1322581 565 887687 590 576032 615 1004404 640 339494 665 642434 690 1080918 715 1347981 740 1023941 764 2052716 789 2273133 814 1481621 839 2261915 864 2275041 889 1705798 914 1044239 915 0
0
43 3 754 624
36 83 0 84 2314183 109 1491640 134 1010237 159 1154387 184 1195935 209 1543268 234 1388437 259 1869461 284 779385 308 638940 333 641446 358 1028860 383 1303116 408 1161168 433 680525 458 935390 483 667305 508 1003279 533 935892 558 1527475 583 1663015 608 1663570 633 1508436 658 1830791 683 2085233 707 1754645 732 1832361 757 1648234 782 1597180 807 1358795 832 1725271 857 1442906 882 1746380 907 2639166 908 0
1 42
44 3 629 310
25 146 0 147 466143 171 308740 196 184539 220 543465 245 518483 269 378680 294 775263 318 1302636 343 1672007 367 2061643 392 2340076 416 2136898 440 2407699 465 2029498 489 1610739 514 1999229 538 1355876 563 1627689 587 1778613 612 2560259 636 1773917 661 1191069 685 1118891 686 0
0
45 3 521 39
38 119 0 120 3398523 145 3120836 169 2059251 194 1434423 219 1857981 243 1981279 268 2614062 293 2867732 317 1855374 342 2661061 367 1813895 391 3173339 416 2482792 441 2202446 465 2130889 490 2904149 515 2971042 539 2632855 564 1883616 588 1146050 613 1601498 638 1476753 662 1468026 687 1157494 712 947870 736 699590 761 1532433 786 1527160 810 1579008 835 1706854 860 1084445 884 1035874 909 863638 934 514004 958 320948 983 360519 984 0
0
46 1 595 582
9 160 0 161 1139213 185 1047030 209 727297 233 787241 257 1132933 281 1339869 305 1325113 306 0
0
47 1 920 238
8 724 0 725 2451564 752 1677959 778 1452002 805 1015830 831 788207 858 569142 859 0
1 46
48 1 1426 705
25 426 0 427 714086 452 558940 478 1207377 503 1239893 528 1205218 553 1630623 579 2869630 604 2482091 629 1463734 654 1971304 680 2631160 705 2362999 730 1434684 756 1006796 781 977506 806 688326 831 983517 857 882589 882 1626508 907 926116 932 525813 958 872408 983 627526 984 0
0
49 2 966 758
23 65 0 66 1169335 91 827375 116 797788 141 841338 166 768314 191 457862 216 728041 241 629024 266 684787 291 600118 315 840786 340 784244 365 900850 390 1184018 415 1911080 440 1578617 465 2147948 490 2306071 515 2310108 540 3091689 565 2166049 566 0
0
50 2 835 580
16 249 0 250 934060 275 1072451 300 648501 325 858459 350 935841 375 1265054 400 1706498 424 858464 449 1228999 474 1526122 499 1229061 524 951018 549 1298910 574 1748591 575 0
0
51 3 1478 608
25 283 0 284 1167829 309 1019120 335 1160807 360 1785285 386 1589708 411 1378306 436 1234446 462 1196368 487 1329595 513 1195951 538 1137192 563 706198 589 727279 614 971863 640 1048157 665 1356303 691 2059130 716 2356067 741 2184426 767 1907079 792 1763288 818 1436427 843 1119439 844 0
1 50
52 1 1341 431
24 359 0 360 1544523 385 1403895 410 2036520 435 1449246 460 2128483 485 2001155 509 2851136 534 4643544 559 3176033 584 3744615 609 1897332 634 1056259 659 1165879 684 786548 709 1162120 734 1093467 758 662253 783 473627 808 438460 833 321989 858 225430 883 162685 884 0
0
53 2 1487 767
23 181 0 182 366012 207 289614 233 461064 258 812221 283 1733915 308 1478196 333 1036919 359 2172698 384 2410745 409 2721800 435 2656280 460 2825745 485 2257344 510 1380286 535 2083295 561 1892211 586 1379421 611 1525306 637 1033212 662 1085269 687 816517 688 0
1 52
54 2 640 773
18 560 0 561 886651 587 460274 612 588739 638 384294 664 278799 690 386239 715 483250 741 591430 767 818922 793 1218239 818 661758 844 652314 870 1035285 896 2042765 921 2612379 947 1312258 948 0
0
55 1 503 341
7 762 0 763 1905748 789 2252324 816 1547403 843 1270699 869 1248543 870 0
0
56 2 1100 404
26 264 0 265 1105012 290 1788225 315 1415483 340 1361373 365 1102120 390 1792150 415 1513092 440 1513946 465 2091481 490 1188827 515 771248 540 891756 564 581258 589 467443 614 247800 639 240127 664 328635 689 319507 714 250066 739 132297 764 186512 789 157164 814 99172 839 124750 840 0
2 57 55
57 1 707 81
23 488 0 489 848665 514 519335 539 323974 564 563263 589 560088 615 711112 640 628764 665 527552 690 1018949 715 2149603 740 1699328 765 1752347 790 1836947 815 2216176 840 1773867 865 1213376 891 587095 916 522621 941 374727 966 291066 991 254013 992 0
0
58 2 1426 531
17 362 0 363 643649 389 571763 414 1063485 439 983521 465 829566 491 927033 516 1611526 541 2144677 567 1970527 593 1419709 618 637147 643 411658 669 680244 695 638298 720 644840 721 0
1 56
59 2 656 178
14 164 0 165 2503111 191 1412784 216 1875191 242 1445147 268 1533802 293 1827316 319 1904225 344 1299392 370 1846104 396 1983945 421 2282574 447 1774962 448 0
0
60 2 694 484
34 37 0 38 3448796 63 3469279 87 1342908 112 1716966 136 2215418 161 2347573 186 1881459 210 812296 235 1192718 260 845518 284 884222 309 486752 333 458739 358 602097 383 925761 407 727698 432 966761 456 945344 481 1219866 506 1471835 530 1250731 555 1184544 579 826617 604 1296471 629 1920720 653 2255379 678 1443738 703 1263087 727 1475689 752 1644819 776 1344348 801 1086117 802 0
1 59
61 3 669 131
34 114 0 115 2133270 140 1242003 165 1300203 190 1333286 215 976649 240 1351075 265 1496242 290 1551620 315 1351245 340 1520445 365 2126386 390 2720191 415 2909231 440 1709160 465 1327394 490 448893 516 477182 541 308922 566 512582 591 708666 616 563665 641 620240 666 490283 691 549702 716 599026 741 1567886 766 753590 791 820571 816 772756 841 687876 866 707225 891 1674590 892 0
0
62 3 637 647
14 374 0 375 798762 401 887411 427 907898 453 1507469 479 1561002 505 1304377 531 2080516 557 2199900 583 2365681 609 1928700 635 1972523 661 1380801 662 0
1 61
63 1 896 352
40 14 0 15 217947 40 289884 65 169769 90 248321 115 365339 140 421069 165 228845 190 382866 215 231570 240 330479 266 434984 291 409956 316 894354 341 643612 366 812488 391 1360654 416 1781428 441 2270435 466 1554066 491 1685767 516 1432967 541 1773365 566 1132791 591 1125973 616 953100 641 1701819 666 1834747 691 2055052 717 1453138 742 1142815 767 702069 792 557703 817 557221 842 634278 867 652141 892 785626 917 925085 942 756662 943 0
2 64 61
64 1 746 487
29 217 0 218 2108996 243 2844064 268 1877522 293 1646215 319 1377486 344 2034929 369 2715988 394 4421336 419 2832961 444 1872353 470 787375 495 537949 520 432721 545 288736 570 868966 595 681938 620 509653 646 458876 671 424556 696 423254 721 259262 746 206523 771 131701 797 116067 822 226831 847 112085 872 90080 873 0
0
65 3 1037 255
14 66 0 67 2699814 91 2703299 116 3089692 140 2034018 165 1961062 189 1434672 214 1297287 238 1065777 263 1138937 287 1249216 312 1220394 336 1710773 337 0
0
66 2 746 493
40 57 0 58 599951 83 737932 108 1276422 134 2329781 159 1539510 184 1547106 209 2869717 235 1820873 260 820279 285 761233 310 313527 335 700236 361 426288 386 420898 411 427128 436 846035 461 702770 487 832421 512 1251429 537 1768411 562 1886461 588 1247741 613 837258 638 670593 663 915173 688 600014 714 528708 739 387513 764 382162 789 575750 814 1234138 840 2082624 865 1072685 890 1043078 915 2460498 941 1929287 966 1946175 991 2541946 992 0
0
67 3 810 138
43 0 0 1 3375893 26 2822918 51 2927484 76 2156540 101 1151442 126 1206928 151 1285093 176 808241 201 795367 226 1184862 251 902804 275 927754 300 866472 325 657057 350 304846 375 286990 400 230229 425 226945 450 252883 475 204839 500 147684 525 197614 550 184257 575 143786 600 116200 625 146883 650 198572 675 236335 700 204070 725 267378 749 132348 774 196619 799 144191 824 121783 849 72174 874 44375 899 53123 924 46998 949 46538 974 30169 999 64633 1000 0
1 66
68 2 1249 324
10 59 0 60 1185628 85 1116284 110 1275651 135 894508 161 729797 186 1382436 211 1700768 236 1101648 237 0
0
69 2 794 770
7 642 0 643 3409899 668 1159310 693 939726 717 988952 742 736335 743 0
1 68
70 1 1418 411
38 30 0 31 1085707 56 1294768 80 1491710 105 1137130 130 1121328 155 940930 179 1666447 204 1540721 229 1382397 253 1253960 278 1428323 303 1329808 328 896754 352 977079 377 962421 402 1082309 426 857721 451 1311154 476 1480837 501 1328223 525 1018468 550 857100 575 492143 599 854764 624 816665 649 1388787 674 1755826 698 2173979 723 2024571 748 1941914 772 1598050 797 2067167 822 1538408 847 1151483 871 1071330 896 1456753 897 0
2 71 69
71 3 1299 707
37 44 0 45 1189471 70 1945835 95 2054929 120 1569182 145 1816678 171 2500691 196 2003728 221 1119068 246 1455396 271 921696 296 1493010 321 3163207 346 4117295 372 2722990 397 2257403 422 2427046 447 1611498 472 1599843 497 2407187 522 2526283 547 1129514 572 930328 598 536452 623 464751 648 567783 673 704042 698 996924 723 1312126 748 1657898 773 1637419 799 1212476 824 2230920 849 1379165 874 2992170 899 2134339 900 0
0
72 2 783 363
41 16 0 17 231093 42 260351 67 385024 92 591950 117 585713 142 870333 167 1413481 192 1850061 217 1890433 242 1293500 267 1030586 292 1257079 317 1655862 342 2009949 367 1349494 392 1301178 417 1010490 442 708668 467 791800 492 468552 517 749988 542 731533 567 519388 592 834136 617 780179 642 673810 667 621706 692 436209 717 647774 742 575690 767 504942 792 878912 817 752662 842 1192135 867 1135492 892 1052531 917 1146729 942 1055202 967 702434 968 0
0
73 2 749 86
26 34 0 35 1816996 60 2727970 85 2880472 110 2542390 134 3067021 159 1398052 184 1207389 209 1184965 234 1157923 259 1450806 284 1629582 309 1001746 333 682002 358 554831 383 489888 408 629178 433 304534 458 326692 483 304942 508 211562 532 224402 557 223934 582 353664 607 263703 608 0
2 74 72
74 2 926 121
19 400 0 401 312323 426 531814 451 784681 475 795771 500 1315064 525 1699994 550 2288603 575 2283929 599 1304711 624 1327393 649 1164986 674 791507 699 1400399 724 1359748 748 2321538 773 2434659 798 3338994 799 0
0
75 1 1079 505
42 15 0 16 1197611 41 1237437 66 1303831 91 1351735 116 2058492 141 1987615 166 1039782 192 477579 217 422880 242 535480 267 856711 292 486666 317 411818 342 611373 367 649396 392 342784 417 393510 442 814423 467 565819 492 530397 518 959102 543 389921 568 653315 593 743923 618 538940 643 827253 668 1419250 693 1524231 718 1811306 743 2396393 768 2597055 793 1689988 818 1441205 844 892889 869 1275430 894 1095118 919 932062 944 1067550 969 629105 994 367699 995 0
0
76 2 911 629
14 536 0 537 1884979 563 1824601 588 1225562 614 1771314 640 1054520 666 908962 691 1411077 717 1597277 743 1107257 769 890691 794 647613 820 665304 821 0
1 75
77 2 710 354
23 181 0 182 508445 207 385708 232 309323 258 564366 283 546692 308 813922 333 1089249 358 1282389 384 1304171 409 1193087 434 1577288 459 1584471 484 1241638 510 1775480 535 1751098 560 2042603 585 1742249 610 2044873 636 1505242 661 844983 686 1342535 687 0
2 76 75
78 1 591 228
8 381 0 382 1569588 405 1488706 428 1844844 452 2246770 475 2271116 498 2020791 499 0
1 76
79 2 599 516
23 169 0 170 1637855 194 1013892 219 1676855 243 1931589 268 2711110 292 1571340 317 1289940 341 763885 366 545094 390 352624 415 339282 439 493135 463 888911 488 971213 512 790368 537 791668 561 741046 586 876058 610 1029065 635 1286084 659 1507744 660 0
0
80 1 1052 308
32 0 0 1 1352994 26 1277782 51 933000 75 880202 100 1025095 125 832188 150 1084212 174 1112192 199 1334717 224 1047194 249 1299050 273 1906660 298 2119669 323 1791186 348 2370756 372 2240371 397 2105573 422 1931411 447 1620234 471 1450744 496 993189 521 784134 546 516775 570 520525 595 718436 620 641588 645 636689 669 824833 694 1008563 719 1246986 720 0
2 81 79
81 1 751 337
29 93 0 94 2925849 119 3202873 145 2722782 170 2899159 196 2564244 221 1387983 246 1235919 272 1298546 297 875539 322 492892 348 354920 373 549746 399 685994 424 577405 449 675646 475 550052 500 502405 526 400172 551 503984 576 463291 602 775635 627 421298 652 771130 678 284673 703 372702 729 405901 754 399304 755 0
0
82 2 672 645
36 121 0 122 827277 147 581078 171 371182 196 320092 220 493326 245 275874 270 139123 294 122284 319 278750 343 262776 368 345518 393 694882 417 885099 442 1251272 466 1451024 491 1692769 516 1412332 540 2056579 565 2026738 590 1212829 614 859487 639 1031254 663 1076750 688 1111433 713 945636 737 629378 762 780668 786 703350 811 1275317 836 1342039 860 2046300 885 2795076 909 1570095 934 2529817 935 0
0
83 1 904 547
37 78 0 79 4426691 104 2222695 128 1915399 153 1613487 177 875422 202 994321 227 650454 251 483866 276 749063 301 668570 325 774553 350 742237 374 566996 399 619092 424 935756 448 614794 473 844421 497 492000 522 168314 547 105831 571 87505 596 174584 621 194085 645 172452 670 115214 694 88521 719 67639 744 82905 768 82487 793 84133 818 88099 842 94703 867 92331 891 49652 916 48112 917 0
1 82
84 2 893 37
13 289 0 290 1870463 315 2531945 341 1511156 366 2017421 391 3731105 417 2160446 442 962259 467 703143 492 810476 518 708742 543 612229 544 0
1 82
85 1 880 549
12 219 0 220 671773 246 550578 271 522866 297 503266 322 568809 348 996030 373 1797991 399 2031873 424 1698313 450 1376300 451 0
0
86 1 797 413
17 176 0 177 2452710 202 2701046 228 2052772 253 2224026 279 1521227 304 2265465 330 2223827 355 1515672 380 990619 406 688186 431 671140 457 410099 482 289487 508 917423 533 922569 534 0
0
87 2 679 30
15 266 0 267 1236204 291 1038059 316 995582 340 1921141 364 1772350 389 1992650 413 2294745 437 2995852 462 2360524 486 1393129 510 1979831 535 1983746 559 1458338 560 0
1 86
88 1 917 452
23 483 0 484 1547993 508 959652 533 1134929 557 792652 582 517059 606 365895 630 315863 655 497756 679 460028 704 756783 728 650813 752 658895 777 878582 801 991464 826 998022 850 2238307 874 1775435 899 2199098 923 3392900 948 3268548 972 2208383 973 0
0
89 1 1355 410
12 168 0 169 963464 194 890031 219 1047303 244 1001766 269 1335693 294 1069278 319 1238964 344 865437 369 1144342 394 1588231 395 0
1 88
90 2 1126 553
16 464 0 465 916667 490 1250627 516 1443645 541 911872 567 1092968 592 642813 618 612296 643 664079 669 568350 694 444101 720 599818 745 668555 771 2365554 796 3320290 797 0
0
91 1 1169 210
40 69 0 70 3353973 95 4776806 120 5077056 145 3608550 170 3237556 196 2469755 221 1895685 246 2489654 271 1419952 296 1348978 321 1227502 346 2040062 371 1781214 396 2029694 422 1537027 447 1535247 472 662252 497 408445 522 397522 547 454200 572 942796 597 935528 622 805269 647 503717 673 422217 698 322612 723 682465 748 494920 773 384855 798 405574 823 438433 848 253876 873 78603 899 55089 924 45527 949 40992 974 56209 999 71764 1000 0
1 90
92 3 1328 92
35 116 0 117 911803 142 2270514 167 1858058 192 1571585 217 1280751 242 1516924 268 1254921 293 1468544 318 1483657 343 975493 368 1370203 393 1304398 418 798293 443 517991 468 500148 493 594095 519 384805 544 407374 569 546928 594 519512 619 409335 644 500104 669 542776 694 864428 719 1584445 744 1275731 769 1132153 795 1418411 820 1593957 845 1045150 870 993373 895 1371177 920 1238109 921 0
0
93 3 856 319
17 572 0 573 2610474 598 2623453 624 2167482 649 2163421 675 2762726 700 1761010 726 1751801 751 2112752 776 1548307 802 1451481 827 977727 853 1143723 878 1126133 904 710172 929 723470 930 0
1 92
94 1 1177 400
38 73 0 74 672759 99 926381 124 803277 149 837620 174 1433685 199 1125406 224 1131185 249 974312 274 1239097 300 1365033 325 1825082 350 1897304 375 1823185 400 1562179 425 1620619 450 2153161 475 1586363 500 966709 525 870508 550 943240 575 1126478 600 1127346 625 819083 650 657054 675 571230 700 369913 725 391784 751 358705 776 320247 801 278106 826 223959 851 397522 876 584985 901 702722 926 810021 951 1236355 952 0
0
95 2 1356 301
24 216 0 217 2132482 242 2495024 267 2437268 292 1825191 317 2405871 342 2002996 367 1634481 392 1584991 417 1322215 442 2862587 467 2622373 492 2430026 517 2232243 542 1962055 567 2332188 592 1868478 617 1813497 642 1740959 667 1157355 692 785034 717 1282456 742 798439 743 0
0
96 1 655 632
32 22 0 23 470307 48 530338 74 638751 99 921194 124 727669 149 670932 175 858906 200 1485114 225 1515938 250 1586292 276 1643094 301 1348738 326 1226959 352 687447 377 470242 402 412389 427 429777 453 333158 478 477342 503 313211 529 263544 554 431163 579 467104 604 563844 630 680194 655 894207 680 1151824 705 1871765 731 1665080 756 1997424 757 0
0
97 2 968 27
32 60 0 61 1180642 86 1262900 111 1843485 137 1605891 162 2174590 187 3583422 212 1525264 238 1229414 263 1298961 288 743406 313 604657 339 614213 364 539223 389 385595 414 420281 440 321791 465 252242 490 194635 515 244975 541 342645 566 170279 591 166815 616 100905 642 56745 667 54357 692 66800 717 52609 743 46641 768 72798 793 29851 794 0
1 96
98 3 560 726
19 575 0 576 1179915 601 1752153 626 1025492 651 1358082 677 1339064 702 946636 727 674072 752 474726 777 338233 802 421952 827 480717 852 715941 877 980652 903 1117562 928 1583245 953 2099434 978 2627652 979 0
1 97
99 1 1162 247
41 52 0 53 678653 78 1039889 103 1697121 127 1380272 152 846044 177 950474 202 980126 227 701899 252 634613 276 1161761 301 1065812 326 916744 351 877671 376 1245546 400 964998 425 1074400 450 970915 475 1139922 500 2085327 525 1596296 549 1511750 574 1571102 599 3031693 624 2756328 649 1737224 673 1071540 698 989595 723 1065061 748 1013663 773 1058333 797 2212940 822 1792719 847 1402422 872 1199284 897 742925 922 1271664 946 1372550 971 1365747 996 1890612 997 0
0
100 1 1480 246
9 438 0 439 2234891 462 1468020 486 944993 509 2322956 532 1035146 556 1147839 579 1080502 580 0
0
101 2 669 442
17 199 0 200 565501 225 902062 250 1105472 276 1766870 301 1536247 326 1636936 351 2549651 377 1820970 402 2923242 427 2171377 452 1387571 477 2109777 503 1020757 528 2108942 553 1751909 554 0
1 100
102 3 1152 134
11 413 0 414 631020 438 980308 463 1068814 487 1153233 511 677102 536 858554 560 1948447 585 1940468 609 2640544 610 0
0
103 3 1488 80
42 1 0 2 50871 27 71752 52 67099 77 43930 102 44970 127 80489 152 169804 177 132177 202 246633 227 175388 252 162180 277 119643 302 195517 327 241421 352 328374 377 276702 402 236171 427 308569 452 531705 477 655877 502 491855 527 425827 552 1159508 577 1259870 602 740337 627 890390 652 1077601 677 1583512 702 2408572 727 1759443 752 1626430 777 2527879 802 2017718 827 1701062 852 3555123 877 3788404 902 4180644 927 3598508 952 2269235 977 1010043 978 0
1 102
104 2 1231 637
12 733 0 734 2886609 758 1884297 782 2367234 806 2450587 830 1875113 855 1187671 879 1506703 903 1344265 927 963336 951 1032994 952 0
1 102
105 2 583 630
16 355 0 356 1198717 382 966118 408 924680 433 928064 459 936808 485 1707973 511 1349102 536 1717421 562 674475 588 583784 614 817131 639 883014 665 722289 691 1291112 692 0
1 103
106 1 1319 11
23 458 0 459 3154976 484 2974434 509 2637118 533 1914108 558 1620124 583 2110363 607 1035653 632 1446945 657 1091807 682 959178 707 721063 731 513563 756 862256 781 981059 805 647399 830 849716 855 860750 880 1082157 905 1360924 929 2125984 954 1367661 955 0
0
107 3 1480 281
19 407 0 408 1444006 433 998532 458 384876 484 524353 509 482555 534 337216 559 226320 584 215689 609 423056 635 576426 660 901201 685 1548141 710 1518458 735 1394596 761 1898066 786 2140479 811 1844195 812 0
1 106
108 3 637 195
40 22 0 23 1929839 48 1388946 73 1753376 98 1917761 123 2911772 149 1770170 174 2616784 199 2043157 224 1394393 249 1134325 274 1041883 299 965900 324 619461 349 802927 375 688608 400 809171 425 664818 450 459660 475 414137 500 800599 525 971149 550 1129473 575 863632 600 694513 626 742945 651 611464 676 839338 701 780458 726 1192484 751 1008655 776 1044122 801 1050635 826 642060 852 833654 877 1392838 902 1095724 927 1138471 952 613300 953 0
1 107
109 1 889 772
18 245 0 246 304434 270 339208 295 548893 319 810878 343 862248 367 1296497 392 1563983 416 1090621 440 721979 464 840532 489 1488903 513 2150151 537 1960800 561 1885399 586 1796418 610 2057016 611 0
2 108 107
110 2 830 479
36 66 0 67 2261792 92 1592938 117 1713927 141 1060812 166 1527058 191 1614639 216 2132288 240 1751773 265 2148216 290 1275023 315 1670716 339 1309106 364 1416364 389 962061 414 620060 438 829834 463 786248 488 664343 513 542810 537 595633 562 563812 587 531376 612 723937 636 586324 661 538669 686 659994 711 618910 735 642304 760 714311 785 606567 810 1990110 834 1986583 859 1724058 884 2039183 885 0
0
111 3 1161 756
37 83 0 84 854860 109 966444 134 665024 160 832358 185 576352 210 637579 235 792560 260 632120 286 890625 311 899602 336 1619445 361 925563 386 757870 412 893698 437 1164177 462 2113810 487 1406762 513 1797556 538 1772052 563 1203283 588 1009434 613 1154977 639 826119 664 787917 689 646229 714 470894 739 871335 765 1441156 790 2237207 815 2274134 840 3999265 865 4344744 891 3859236 916 3986825 941 4940737 942 0
0
112 2 1245 729
39 7 0 8 770461 33 1245537 59 1459144 84 1103108 109 1232795 134 1294118 159 2214678 185 2402390 210 1181458 235 982620 261 1283004 286 1468293 311 2469088 336 2288819 361 1936410 387 1911354 412 1335964 437 1946629 463 2404905 488 2801800 513 3257455 538 1647865 563 1747382 589 2554399 614 2117069 639 2040957 665 2334144 690 1240429 715 1782143 740 2375887 765 1616192 791 2383236 816 1582969 841 1313208 867 1576547 892 1045346 917 912815 918 0
1 111
113 2 718 426
22 23 0 24 107473 49 132076 74 239419 99 349492 124 455226 150 807476 175 2770531 200 3446477 225 2642183 250 2257553 275 1230030 300 835092 325 853038 350 847457 375 597808 401 738953 426 499257 451 269356 476 332081 501 457022 502 0
2 112 111
114 3 629 98
23 24 0 25 4422694 50 2227322 76 2247003 101 1376369 127 1187451 152 2072092 178 2554230 203 2022390 229 1547758 254 1261653 279 1048026 305 662167 330 598936 356 419452 381 572626 407 834395 432 1251085 458 1239053 483 739549 509 722042 534 717208 535 0
0
115 3 549 763
35 51 0 52 400207 77 375411 101 335262 126 405783 151 446615 175 537775 200 1150846 224 1963387 249 1787112 274 2085215 298 2179404 323 2003916 347 994288 372 946969 397 1130410 421 727920 446 1267576 471 1881156 495 1704688 520 1066127 545 707958 569 777314 594 1257576 618 1195614 643 2319918 668 2300367 692 1200169 717 1227838 741 856543 766 722062 791 629615 815 606720 840 375719 841 0
1 114
116 1 815 715
35 84 0 85 852162 110 913071 135 928034 161 934619 186 1025291 211 542309 236 434830 262 620553 287 847549 312 1133369 337 813232 362 1059333 388 681195 413 1018931 438 1002593 463 1184454 489 1243713 514 1490276 539 1668295 564 2036562 589 1324954 615 1341557 640 1321141 665 1095111 690 1217711 715 1062272 741 1545457 766 2697875 791 1782108 816 1679189 842 1802855 867 1840329 892 1644854 893 0
0
117 2 912 356
23 154 0 155 1762999 180 2624233 205 1602460 230 992891 255 723100 280 915960 305 849859 330 680086 355 360447 380 353237 405 386838 430 354725 455 299239 480 430474 505 823583 530 1899401 555 1512460 580 1054026 605 951724 630 469385 655 420826 656 0
1 116
118 3 1398 524
40 15 0 16 1082497 41 625273 66 612393 92 458854 117 336548 142 437628 167 478148 193 834454 218 960359 243 744719 268 748462 294 1041828 319 1096847 344 1182910 369 1075359 395 998045 420 613124 445 678331 470 862340 496 618464 521 550053 546 930906 571 1581903 597 2765019 622 1450758 647 1233864 672 2875247 698 1740809 723 2337949 748 2181936 773 1539566 799 1420679 824 1363087 849 1306828 874 1436030 900 1263221 925 1150574 950 1203326 951 0
0
119 1 1482 347
39 46 0 47 17177 72 12044 97 17319 122 22915 148 28686 173 21453 198 16504 223 24017 248 29490 273 19136 298 17530 324 28221 349 38634 374 45296 399 106258 424 64878 449 69074 474 90207 499 64798 525 69417 550 66877 575 123293 600 273475 625 357538 650 577207 675 624898 701 619766 726 1301123 751 1682982 776 1332127 801 1284607 826 2183182 851 2381181 877 1502820 902 1902312 927 2995332 952 2775529 953 0
0
120 2 654 534
39 78 0 79 1707480 104 1311925 129 1216220 154 1112767 180 978705 205 737359 230 861276 255 467547 280 597151 305 912083 330 779139 356 968407 381 740306 406 716502 431 975335 456 758346 481 599375 506 650141 531 529605 557 253352 582 317411 607 384803 632 299643 657 330299 682 379610 707 287965 733 592309 758 714923 783 875592 808 1772484 833 2282963 858 2659022 883 1936855 909 1864310 934 1620427 959 1815596 984 3231632 985 0
0
121 2 541 740
17 238 0 239 2518203 264 1841953 290 2195788 315 1869900 340 1411935 365 1854814 391 1496992 416 1661570 441 2769159 467 2682419 492 1940166 517 1834701 542 1235034 568 986256 593 1118321 594 0
1 120
122 2 1351 91
20 92 0 93 443248 118 597727 143 1135020 168 2249951 193 1193429 219 1154847 244 1055501 269 807112 294 695895 319 875502 344 1270195 369 1202305 394 1119841 420 1157999 445 1147635 470 884613 495 651662 520 1319916 521 0
0
123 2 564 343
11 622 0 623 811694 648 765476 673 783863 698 1152377 723 1625097 747 1679804 772 2654888 797 3513140 822 2299100 823 0
0
124 3 683 745
29 222 0 223 1086083 248 1353627 273 1138777 299 1952084 324 2408626 349 2062615 374 1986655 400 1153645 425 2027447 450 1488282 475 1626612 501 2209561 526 1885580 551 968790 576 1104084 601 1702850 627 1427242 652 1099039 677 1319508 702 1243517 728 1955689 753 1345363 778 1481465 803 1921530 829 1656560 854 3717867 879 1645908 880 0
0
125 1 1289 554
19 43 0 44 2092510 69 1829778 93 1587215 118 1704222 143 1050293 167 1529284 192 2618046 216 1663685 241 630528 266 436469 290 281579 315 241467 339 222321 364 187081 389 230290 413 267809 438 397977 439 0
1 124
126 3 1355 407
14 351 0 352 518403 377 557342 403 533051 428 497527 453 535943 479 720157 504 643327 530 901066 555 737601 580 1025148 606 2439380 631 4708215 632 0
3 127 125 124
127 2 1120 570
42 1 0 2 1550910 27 2253386 52 1812916 76 1541072 101 743931 126 855499 151 478927 176 417532 201 373058 225 614382 250 583176 275 407857 300 302550 325 445628 349 421311 374 457374 399 675295 424 442014 449 445142 474 629712 498 718616 523 647294 548 556970 573 978479 598 1160848 623 1514433 647 2866718 672 1803804 697 1112108 722 1054965 747 2010460 771 1883712 796 1791732 821 3146626 846 1584402 871 907923 896 506520 920 617613 945 843533 970 755528 971 0
0
128 2 1439 358
30 54 0 55 2660229 80 4234445 104 4040296 129 2491526 154 3582194 178 1623507 203 1241192 227 1624439 252 1018061 277 946718 301 851672 326 1025056 351 1054598 375 964432 400 1106806 424 1567563 449 1200207 474 717270 498 578509 523 658374 548 739576 572 775729 597 678191 621 438051 646 467245 671 865352 695 708695 720 529589 721 0
0
129 1 1034 264
38 43 0 44 264945 69 265102 94 225148 119 353214 144 397987 170 277998 195 309394 220 316153 245 175536 270 164162 295 196219 320 368435 345 435627 370 435462 396 368735 421 958025 446 885670 471 796670 496 737941 521 1135430 546 1736948 571 1693328 597 1166032 622 1802643 647 1231512 672 743139 697 944748 722 887021 747 1490583 772 1780857 797 2521113 823 2106946 848 3273512 873 2841484 898 3120764 923 2293731 924 0
0
130 2 1494 277
28 71 0 72 172661 97 212133 122 271090 147 320035 172 400745 197 621446 222 662102 247 1088105 272 1806761 297 1656664 322 1912734 347 1823546 372 1231274 397 1150064 422 1328420 447 874950 472 1093725 497 1515398 522 1598991 547 1714618 572 2079869 597 1794836 622 1942267 647 1699187 672 1701389 697 1930137 698 0
1 129
131 1 909 26
40 47 0 48 864202 73 1846122 98 2131267 123 1203481 148 777936 173 964031 198 860641 223 1070708 248 1721971 273 1632745 298 1467669 323 1603091 348 1437145 373 1173082 398 1429578 423 1483811 448 1627974 473 2223177 498 1735546 524 1959788 549 2779766 574 4291440 599 4460311 624 3406123 649 3010401 674 1966493 699 1707687 724 1589579 749 1274193 774 1902558 799 1198768 824 1137683 849 912080 874 1230622 899 1560869 924 1595449 949 1267932 974 901100 975 0
1 130
132 1 1389 462
21 268 0 269 1073361 294 1063150 318 962149 343 759847 368 498124 392 362132 417 487489 442 520160 466 394387 491 1341056 516 1679172 540 2531017 565 2680069 590 3000790 614 3139729 639 2993182 664 2414942 688 1414614 713 1837094 714 0
0
133 3 959 513
42 11 0 12 369519 37 265602 62 242972 88 118604 113 118803 138 152753 163 250302 189 361681 214 304580 239 261456 264 169727 290 202884 315 256964 340 295824 365 416831 390 596404 416 491441 441 348463 466 424007 491 528158 517 797051 542 1472718 567 1725086 592 1011705 618 1560499 643 1815017 668 2994691 693 2492318 718 2387981 744 2370545 769 2075425 794 2947936 819 2955780 845 2191564 870 2903486 895 3310539 920 2837767 946 1799047 971 1543455 996 1334082 997 0
0
134 3 638 545
8 25 0 26 1031067 51 918378 76 766259 102 1071677 127 1288077 152 942250 153 0
0
135 2 721 413
34 201 0 202 1905914 227 2763968 252 3075027 277 2347788 302 2294841 327 1977517 352 2038800 377 1389592 401 1173170 426 895613 451 602961 476 1075708 501 722147 526 565634 551 711284 576 750826 601 662449 626 951931 651 588907 676 301933 701 421657 726 478008 751 615933 776 896420 800 1210311 825 1013731 850 1068107 875 1344583 900 1490015 925 898564 950 550856 975 549827 976 0
0
136 2 532 317
8 96 0 97 1190135 122 1556324 147 2257712 172 1865643 197 2448482 222 1879707 223 0
0
137 1 766 573
21 447 0 448 3068873 473 2768784 497 1959915 521 1533286 546 1433957 571 2205037 595 1467075 619 1096692 644 1343242 669 1388257 693 862035 717 1190673 742 959822 767 1446264 791 625788 815 573506 840 808994 865 969139 889 1010282 890 0
1 136
138 1 712 189
20 441 0 442 372926 467 416019 493 442759 518 715317 543 691472 569 590844 594 747525 619 1146904 645 1471991 670 907997 696 1718420 721 1457115 746 1132833 772 1821984 797 1254594 822 1720151 848 1898060 873 2258159 874 0
1 136
139 1 714 403
21 365 0 366 510235 391 391696 416 638891 441 633485 466 617675 491 534955 516 399772 541 720763 566 555764 591 776696 615 447879 640 562659 665 509609 690 618766 715 1582093 740 2520349 765 2241416 790 972112 815 1228711 816 0
0
140 3 525 630
29 116 0 117 445807 142 359405 167 361724 192 311363 216 659523 241 1034769 266 1117188 291 747470 316 990834 341 646894 365 624912 390 905733 415 900284 440 1257361 465 935249 490 1412318 515 1832413 539 2422348 564 2718454 589 2580062 614 2200568 639 1498712 664 1778944 688 1685320 713 2208646 738 2085757 763 1107132 764 0
0
141 2 859 681
26 357 0 358 3181967 383 2984619 409 2911825 434 1484975 459 1332534 485 927619 510 999795 535 1167724 561 988812 586 436225 611 299863 637 254904 662 320863 688 277926 713 290640 738 238367 764 278881 789 212683 814 174221 840 193311 865 140597 890 198111 916 275675 941 277387 942 0
1 140
142 1 1283 491
8 810 0 811 1460028 838 1607654 864 1543506 891 1683874 917 2038571 944 1471184 945 0
1 141
143 3 895 334
19 550 0 551 1548596 576 1844957 601 1451124 626 978244 651 1273771 676 1105003 701 1845425 726 1859050 751 1561506 777 1525194 802 1304899 827 1445118 852 1755474 877 1698407 902 2465177 927 2065374 952 1577269 953 0
0
144 2 1178 600
27 123 0 124 1112191 149 794304 173 679805 198 662663 223 819338 247 839325 272 1264355 296 1486616 321 1629465 346 1017876 370 1315850 395 1746954 419 839357 444 802481 469 1107532 493 664760 518 1011408 543 1152557 567 663526 592 636135 617 841182 641 1396020 666 1360951 690 1070174 715 1397823 716 0
1 143
145 2 888 521
21 269 0 270 1868648 295 1016182 320 705236 345 333201 371 511992 396 911998 421 806156 446 713056 471 595539 497 816685 522 928292 547 1091095 572 1543070 597 1400901 622 2104973 647 1617553 673 2199494 698 2434782 723 4054704 724 0
2 144 143
146 2 654 323
43 0 0 1 1424202 26 895615 51 1188603 76 1912153 101 1668108 126 1453622 151 1839562 176 1119214 201 621639 226 475224 251 625988 276 958508 301 855658 326 1498634 351 1381822 376 1073704 401 1048381 426 1083191 451 800884 476 1001830 501 1872549 525 1015613 550 810843 575 939429 600 903894 625 1026123 650 954084 675 1385251 700 712852 725 801914 750 731643 775 1106903 800 808932 825 1080865 850 1620133 875 1920300 900 1558532 925 1491682 950 3229772 975 3458549 1000 2296013 1001 0
0
147 3 1330 80
30 31 0 32 4693338 57 3757525 82 2149799 106 1422388 131 1505460 156 1408748 181 1666816 206 1803311 231 1384274 255 1630750 280 837999 305 1050224 330 1274537 355 835811 379 476604 404 272591 429 395945 454 443128 479 432995 503 508839 528 417834 553 309708 578 390961 603 443498 628 756897 652 510989 677 267961 702 192695 703 0
1 146
148 2 1385 667
22 213 0 214 3528146 239 3317198 264 1962887 288 1367631 313 1591290 338 1906311 363 1872320 388 1600950 412 2027325 437 1970103 462 1653813 487 1426596 511 1347009 536 2242200 561 1244385 586 1019976 611 1662019 635 971217 660 1717763 685 1890543 686 0
2 147 146
149 1 857 322
35 6 0 7 2626133 32 1391287 57 1387566 83 1828820 108 1625770 133 1132136 158 1063549 183 1114710 209 1168158 234 522459 259 466971 284 344341 309 436684 334 400721 360 451900 385 618608 410 837933 435 1399942 460 2312363 486 2332242 511 2999979 536 3703405 561 3972797 586 3503718 611 3387351 637 3052806 662 1996510 687 1375049 712 2123475 737 1504954 763 1576564 788 1439962 813 2089135 814 0
1 147
150 2 581 190
32 50 0 51 1542798 76 1950527 101 2417833 126 3197185 151 2339590 176 2552764 201 2733607 226 3068837 251 2257606 276 1810454 301 887661 326 585342 351 1010832 376 928936 401 489800 426 430401 451 398602 476 583050 501 745164 526 608764 551 579716 576 474198 601 677439 626 664681 651 972935 676 1120448 701 687516 726 1121202 751 1534295 776 875225 777 0
0
151 3 810 594
31 235 0 236 502677 261 299911 287 405589 312 379184 337 321023 363 411363 388 420637 413 383463 439 329934 464 256215 489 359223 515 492285 540 483271 565 547714 591 478812 616 686426 641 472906 666 902620 692 1163939 717 949338 742 1155007 768 1629621 793 2647454 818 1997455 844 2275911 869 2891561 894 2326373 920 1729454 945 1231840 946 0
1 150
152 1 745 217
18 567 0 568 3076612 593 2050077 618 1878803 643 2221518 668 1776872 693 1686994 718 1464778 743 1838312 769 2026459 794 1299006 819 757642 844 396117 869 485950 894 298508 919 681914 944 871735 945 0
1 151
153 2 1212 220
18 13 0 14 621019 38 1190807 62 1230109 87 2142863 111 2365229 135 2118391 159 1887003 183 1757554 208 1576524 232 1944659 256 2644132 280 3113207 304 2529533 329 1777451 353 1551068 377 1793842 378 0
0
154 3 519 460
43 0 0 1 676413 26 556921 51 478079 76 498431 100 488183 125 424691 150 388399 175 262257 200 278162 225 492640 249 383793 274 540323 299 409884 324 475900 349 558960 374 720071 399 870131 423 930986 448 584096 473 895623 498 604512 523 724897 548 1041848 573 2123323 597 1751628 622 1573186 647 2150208 672 2179344 697 2528248 722 1421115 747 1489281 771 1453060 796 1634294 821 1817859 846 2835184 871 2025456 896 2274996 920 3051225 945 4435632 970 3019333 995 3397269 996 0
2 156 153
155 3 965 624
24 455 0 456 2006690 481 2332429 506 2991154 532 2044305 557 1457394 582 1095021 607 1037065 633 682357 658 602343 683 1369854 708 976251 734 760801 759 781530 784 507277 809 622064 835 932750 860 800617 885 897464 910 649852 936 583016 961 665773 986 1221121 987 0
0
156 2 893 421
32 206 0 207 1735043 232 1347741 257 1968210 282 1857178 307 2297010 332 1925938 357 2118886 382 2106264 406 2247767 431 2081019 456 1308155 481 1090543 506 973000 531 857481 556 846959 581 1470684 606 1179384 631 908450 656 634281 681 583557 706 598411 731 433016 755 479647 780 507174 805 240216 830 399568 855 810397 880 760877 905 1367749 930 709718 931 0
1 155
157 2 1149 232
7 292 0 293 1469648 319 1299986 345 1382830 372 1240536 398 1593258 399 0
0
158 3 1388 305
39 104 0 105 452195 130 464181 155 674934 179 946835 204 600344 229 1279931 254 1149111 278 1119288 303 1274798 328 927318 353 816434 378 760999 402 418175 427 930533 452 425226 477 599683 501 606245 526 361923 551 210352 576 154644 601 322424 625 398303 650 323973 675 546528 700 385617 724 378869 749 307093 774 473551 799 570705 824 770458 848 2236279 873 2515385 898 2792162 923 3513705 947 2318137 972 2038385 997 2539009 998 0
1 157
159 2 813 190
24 121 0 122 1258128 146 915023 171 1673741 195 1877800 220 1448845 244 1413611 269 1092625 293 1112010 317 960115 342 868110 366 573893 391 1034151 415 3056013 440 2496390 464 2870184 488 3029929 513 1764900 537 2010795 562 1918917 586 2458727 611 2769303 635 1858934 636 0
0
160 2 1399 19
36 79 0 80 713699 105 525541 130 772157 155 721351 180 815371 206 528355 231 696437 256 691339 281 1086727 306 1004613 331 1327027 356 1899521 381 2437374 407 1897370 432 1232404 457 2818292 482 1663486 507 1015303 532 695697 557 832479 582 766263 608 591928 633 905947 658 915071 683 1008643 708 630107 733 513044 758 624670 783 522579 809 545758 834 1045071 859 1550732 884 2205499 909 1377621 910 0
0
161 1 592 409
32 31 0 32 2989029 57 3214765 81 5702908 106 4870523 131 4410063 156 3277393 180 1469013 205 915153 230 598631 255 608875 279 331708 304 233949 329 200158 353 252650 378 105470 403 54234 428 43516 452 28219 477 48192 502 23452 526 25782 551 26154 576 20449 601 24911 625 47663 650 41343 675 46835 700 44987 724 39982 749 22098 750 0
1 160
162 2 510 643
37 80 0 81 1009443 106 1220115 130 1738097 155 1511313 180 1320762 205 1003016 229 762963 254 1418696 279 1816206 303 2054329 328 1113710 353 1402358 377 1669858 402 2197971 427 2813661 452 2111395 476 1186491 501 1344128 526 1621734 550 822441 575 690581 600 778090 625 905855 649 877345 674 718282 699 335483 723 257878 748 252927 773 194829 797 248935 822 245162 847 191487 872 232329 896 287234 921 370068 922 0
2 161 160
163 2 1235 440
16 11 0 12 908854 37 1673557 62 2482706 87 2289749 113 2319913 138 2332755 163 1582088 188 1268366 213 1407330 238 882591 264 734378 289 661079 314 598239 339 625091 340 0
0
164 1 967 323
8 631 0 632 692959 657 1397048 681 1700293 706 1388284 730 1281940 755 1745191 756 0
1 163
165 3 673 159
29 231 0 232 1927095 257 1544232 281 2275139 306 1944518 331 1259524 355 1532278 380 1205777 405 2252572 430 2060119 454 1741698 479 1147417 504 749307 528 661736 553 571134 578 1145888 602 435594 627 250110 652 167117 676 167337 701 189101 726 221057 751 219712 775 256891 800 212039 825 207704 849 174325 874 140299 875 0
0
166 3 1426 437
30 140 0 141 1204104 166 1782228 191 2056625 216 1569979 241 1759601 266 1353699 291 2892752 315 1769458 340 2161038 365 2441032 390 2141795 415 3066313 440 2197234 465 2558341 490 1758072 515 1456888 540 1448467 565 1027512 590 603617 615 436845 640 416144 664 398097 689 714501 714 628245 739 877553 764 1304693 789 1541808 814 1441205 815 0
0
167 2 1412 581
28 217 0 218 1267200 243 659005 268 560539 293 617502 318 637190 344 842647 369 808298 394 790961 419 860450 444 1158071 469 1053110 494 1103101 519 1476764 545 1356923 570 1872002 595 1879925 620 2278437 645 1705523 670 2332031 695 1447714 720 1096955 746 949180 771 886233 796 1018294 821 603647 846 1094440 847 0
0
168 1 1032 315
32 224 0 225 1196957 250 879864 275 1313963 301 908404 326 846468 351 772822 376 747711 402 958044 427 671092 452 668517 477 886570 503 961228 528 1023814 553 1081138 578 1120529 604 1356286 629 1191722 654 841402 679 706478 705 1144334 730 898145 755 513580 780 515996 806 490605 831 784170 856 1163053 881 2418627 907 2588946 932 1686014 957 1498722 958 0
1 167
169 2 1488 515
18 415 0 416 612071 440 296528 464 255534 489 443171 513 292033 537 396307 561 480715 585 669385 610 589180 634 1323886 658 1936964 682 1367933 706 1863830 731 4300085 755 2657015 779 3304125 780 0
0
170 3 523 34
16 79 0 80 2172352 106 2120664 132 2159230 157 1768737 183 1896063 209 1676942 235 1935553 260 2122387 286 1566448 312 2023823 338 1483112 363 1236107 389 1042986 415 1038145 416 0
0
171 3 1096 202
12 298 0 299 1318658 324 1292711 348 1117968 373 1166977 398 1753390 422 1724670 447 2221090 472 2305124 496 1458023 521 1011352 522 0
1 170
172 1 1477 504
40 61 0 62 1751348 87 1910832 112 1760785 138 1825352 163 1578197 188 2947628 213 3169483 239 2108585 264 3308857 289 2668973 314 1863074 340 1896504 365 1343355 390 1217233 415 1401977 441 1591767 466 1836712 491 1096578 516 2294047 542 2130329 567 2456081 592 2088126 617 1164900 643 1235654 668 754637 693 543777 718 862832 744 755849 769 593301 794 486046 819 974165 845 837180 870 728911 895 791385 920 653512 946 1614394 971 1403248 996 942081 997 0
0
173 2 1266 562
14 477 0 478 1323545 503 2542855 528 2205454 553 1489755 578 2162322 603 2198494 628 1467817 653 1625816 678 1909331 703 1897600 728 1734009 753 2209089 754 0
2 174 172
174 3 1349 167
31 296 0 297 4880540 322 3042327 347 1553947 372 2790685 397 2288072 422 1794219 447 1414996 472 2735991 497 2457387 522 3870512 547 2549077 572 1232715 597 954426 622 840621 647 915737 672 533678 697 511202 722 355083 747 293858 772 256257 797 158460 822 200354 847 141900 872 124105 897 156518 922 89524 947 45899 972 134785 997 158434 998 0
0
175 3 1165 153
29 199 0 200 2602379 225 1654264 250 2327907 275 1301043 300 1376708 325 1404124 350 1078534 375 965006 400 932953 425 588958 450 983166 475 952027 500 1169558 525 1461687 551 1192884 576 1580776 601 1738592 626 2295144 651 2335827 676 1412042 701 1113745 726 1178605 751 655264 776 382303 801 660269 826 581780 851 489504 852 0
0
176 1 629 576
29 14 0 15 774222 40 777261 65 770991 90 925197 115 1254646 140 895205 165 991102 190 754539 215 1325508 240 1317743 265 1248599 290 1917679 315 1402817 340 1448437 365 1245968 390 782574 415 765392 440 863230 465 1179229 490 1926039 515 1228206 540 1768004 565 971680 590 838997 615 529961 640 401116 665 160088 666 0
1 175
177 1 1359 137
18 149 0 150 4903643 175 3139094 200 2492878 225 2064770 251 938234 276 747860 301 835243 326 681117 351 702910 376 575672 401 875143 426 956542 452 548154 477 328867 502 480151 527 620226 528 0
0
178 1 501 747
34 151 0 152 469471 177 632244 201 642863 226 389391 251 289668 276 357803 300 308730 325 423556 350 686417 375 580087 399 827590 424 569869 449 598018 474 340227 498 487333 523 548973 548 444537 573 467204 597 555788 622 648199 647 875534 672 977762 696 1985158 721 2648816 746 2236477 771 2890060 795 2936817 820 5758921 845 2719169 870 3319212 894 3728686 919 2789023 920 0
1 177
179 2 1496 567
37 105 0 106 1174861 131 1360225 155 948192 180 806882 205 828278 230 1058480 254 1124033 279 1475777 304 1255413 328 999967 353 815055 378 885082 402 976247 427 1057797 452 1058449 477 870000 501 970731 526 796888 551 676102 575 694513 600 720683 625 964115 650 1175248 674 951640 699 1235904 724 865100 748 778473 773 804091 798 794242 822 836602 847 677142 872 1166792 897 1932224 921 2041037 946 1800154 947 0
0
180 1 1202 470
11 750 0 751 975796 775 1262891 800 1036281 824 1536028 849 1001811 873 1112367 897 1921756 922 2200025 946 1629124 947 0
1 179
181 2 565 743
31 257 0 258 995368 283 957224 309 965457 334 1002127 359 1809210 385 1919651 410 2010283 435 1503946 461 1824485 486 2233022 511 1845344 537 1904253 562 1002142 587 984094 613 1376987 638 1384087 663 1988076 688 1052734 714 1199314 739 1080262 764 1549241 790 1138463 815 795448 840 468158 866 424064 891 468095 916 530107 942 738263 967 918250 968 0
2 180 179
182 3 826 128
12 144 0 145 491646 171 921767 197 1519168 223 1635965 249 1506012 276 865345 302 1216221 328 1614234 354 1944076 380 1992368 381 0
1 180
183 3 775 236
10 582 0 583 954889 608 1030472 632 969150 657 890851 682 766622 707 1330576 731 1028581 756 960030 757 0
0
184 2 1123 127
37 82 0 83 1901321 108 1294139 132 922805 157 635539 182 708871 207 832525 231 1386319 256 982225 281 542479 305 613137 330 629021 355 617802 379 641519 404 1034241 429 1047516 454 888196 478 536278 503 663967 528 686359 552 821998 577 1160106 602 896101 627 1309798 651 1530248 676 1452752 701 1269559 725 837699 750 1125448 775 1565869 799 1511419 824 1075519 849 959844 874 1177212 898 1141965 923 645150 924 0
0
185 3 1155 639
17 274 0 275 2574963 301 1669322 326 1478454 352 1570935 377 1128571 403 1044818 428 1563208 454 1560712 480 1039293 505 1057082 531 1618766 556 2622761 582 1358155 607 1589632 633 1930071 634 0
0
186 2 1482 656
17 145 0 146 1462710 171 1531775 196 2232640 222 1369461 247 1121627 272 1284632 297 821115 323 833782 348 945214 373 602414 398 593531 423 613329 449 580979 474 804163 499 694588 500 0
0
187 3 1066 537
42 8 0 9 561906 34 478793 59 661366 84 629260 109 587508 133 638946 158 578202 183 592895 208 1119513 233 1437247 258 1392862 283 3610770 308 3753651 333 4053807 358 3263753 382 2544988 407 3141838 432 2534488 457 2100212 482 2106283 507 1804903 532 1555723 557 1833433 582 1490998 607 1935888 631 1625097 656 1518559 681 1616673 706 1583725 731 1729996 756 1149549 781 1092125 806 1034312 831 940998 856 918794 880 942833 905 799202 930 424499 955 364473 980 253698 981 0
1 186
188 1 959 617
18 87 0 88 338466 114 380952 139 670219 165 514602 191 547910 216 1276615 242 906872 268 713270 293 586194 319 583694 345 673084 370 813947 396 1419429 422 1480923 447 1836200 473 1623813 474 0
1 186
189 1 1164 325
10 400 0 401 2856177 427 1727829 454 2410333 480 2026117 507 2039326 533 1866569 560 1205837 586 510339 587 0
1 187
190 3 684 537
14 432 0 433 2963324 458 2721882 483 2183342 508 1636126 533 1249125 558 657543 582 1119339 607 1246280 632 1061737 657 780949 682 1273240 707 1869340 708 0
0
191 1 1313 278
34 192 0 193 2184469 218 2344021 243 3952801 268 2488114 293 3162518 318 1615984 343 1478651 368 1235175 392 1087144 417 773934 442 728190 467 832846 492 689730 517 722369 542 450912 567 416456 592 425261 617 407032 642 354282 667 247129 692 159003 717 151116 742 141120 767 197500 791 314567 816 474663 841 449171 866 277130 891 398266 916 391463 941 408263 966 320001 967 0
0
192 1 729 21
42 19 0 20 1686735 45 3463246 70 5747344 95 4514773 119 3854386 144 2320771 169 1247081 194 957824 219 677973 244 535090 268 485960 293 268132 318 174978 343 247151 368 179592 393 312801 418 126804 442 119643 467 138061 492 204868 517 409862 542 565733 567 323027 591 309982 616 241056 641 322286 666 236470 691 215528 716 168936 741 227176 765 282712 790 273232 815 175171 840 199000 865 182017 890 174796 914 179726 939 385699 964 487535 989 418763 990 0
0
193 2 1227 41
43 0 0 1 38101 26 69079 50 74665 75 81410 100 57550 125 99457 149 131872 174 248072 199 170217 224 159487 248 474302 273 655585 298 795032 322 1034399 347 1010147 372 1389337 397 1190197 421 1109363 446 1502696 471 1870937 495 1683417 520 1866676 545 2563879 570 2135855 594 2339950 619 2314518 644 2465935 669 3192899 693 2217418 718 1248191 743 2544333 767 2427591 792 1906639 817 1737793 842 2467749 866 2270578 891 2467947 916 2052061 941 2613506 965 4103064 990 3856402 991 0
0
194 3 1369 50
19 281 0 282 1136544 307 1030624 331 1583485 356 892741 381 2275238 405 2001321 430 1589493 454 1269240 479 863242 504 566540 528 414546 553 225393 577 387376 602 492793 627 470519 651 539822 676 467939 677 0
0
195 1 1298 176
28 321 0 322 295139 347 275221 372 258990 396 159663 421 186959 446 254563 471 312990 495 306801 520 402400 545 447127 570 267746 594 368112 619 370394 644 394942 669 685481 693 801926 718 1349859 743 2963803 768 2096714 792 2142566 817 2163713 842 1519158 867 1132761 891 2031404 916 1126377 941 577962 942 0
1 194
196 2 1247 245
18 431 0 432 554613 458 429314 483 441986 509 363234 535 460941 560 837055 586 646629 612 837495 637 1238097 663 2543703 689 2230324 714 2914954 740 2826679 766 4226519 791 2920881 817 2284774 818 0
1 195
197 1 1212 124
35 84 0 85 737557 110 897144 135 898595 160 1230176 185 1114187 210 1062543 234 1131681 259 726000 284 511088 309 309883 334 471131 359 337541 384 426244 409 601834 434 1053183 459 1203577 483 646675 508 478009 533 570025 558 922187 583 1408359 608 2012134 633 1422869 658 1480073 683 1190943 708 1213378 733 1849271 757 1442236 782 1274603 807 1552876 832 1556402 857 850894 882 766512 883 0
2 196 195
198 2 1267 147
13 498 0 499 2007261 524 1589353 549 1511193 574 851301 599 771084 624 1115156 649 1539892 674 1803755 699 1174208 724 1499948 749 1120041 750 0
0
199 1 559 603
43 12 0 13 318005 38 237533 62 653801 87 301705 112 252090 136 425060 161 537174 186 612455 210 1777629 235 2333048 260 2502824 284 2329471 309 2521239 334 2273925 358 2502913 383 2414438 408 2233968 432 2070390 457 2522648 482 2438785 507 1012999 531 1270578 556 1950082 581 3218831 605 4650601 630 1980639 655 1454208 679 804268 704 793025 729 475791 753 590768 778 643734 803 488643 827 454677 852 325973 877 414457 901 414154 926 232037 951 338309 975 219626 1000 130761 1001 0
0
200 1 965 317
25 375 0 376 1029005 400 1341729 425 1530780 449 1984950 474 1840693 498 2299852 523 3056266 547 2290134 572 1352375 596 1091045 621 1722539 645 1843604 669 2015015 694 2071909 718 1710885 743 1291117 767 717089 792 565919 816 467762 841 383040 865 383304 890 680988 914 692115 915 0
1 199
201 3 689 133
36 44 0 45 4029350 70 2089949 95 1680287 119 1385345 144 937610 169 961588 194 753377 219 850053 244 1055021 268 607730 293 708649 318 705042 343 657300 368 618992 392 823901 417 435571 442 385568 467 393634 492 499659 517 352151 541 330329 566 392570 591 380645 616 439297 641 346324 665 172044 690 226674 715 145103 740 129336 765 177135 790 256650 814 237900 839 149540 864 139725 865 0
2 200 199
202 2 1320 756
27 23 0 24 709170 49 671501 75 654089 100 848484 125 883973 151 755471 176 1109836 202 1210145 227 1341764 252 1303591 278 1686477 303 1518508 329 2324083 354 1841923 379 1276124 405 1042930 430 1026964 455 909722 481 675950 506 629169 531 915517 557 761003 582 516046 608 809526 633 951909 634 0
0
203 1 1398 220
10 396 0 397 2152154 421 2005396 446 1276293 470 898790 495 957900 519 780294 544 644495 568 661033 569 0
0
204 1 1099 324
13 731 0 732 1428797 756 2173077 781 2315336 805 1052193 829 860076 853 556609 878 695391 902 694008 926 454409 951 386490 975 632738 976 0
1 203
205 2 625 649
9 310 0 311 1243997 335 1301681 358 1903404 382 1808573 406 821542 429 1031674 453 712251 454 0
0
206 2 1213 134
9 357 0 358 787254 383 713712 409 1113217 434 1095626 459 1167944 485 918479 510 1396219 511 0
0
207 2 655 153
17 161 0 162 1282501 187 1052799 211 1801369 236 1449904 260 1435526 285 1717726 309 1731727 334 1138900 359 1077937 383 723579 408 718443 432 944214 457 1326571 481 1310540 506 1073954 507 0
1 206
208 2 1384 529
38 34 0 35 1489228 60 1133148 85 1450130 110 838132 135 1905027 160 1639628 185 1269734 210 1636932 235 836020 260 1185246 285 1937360 310 1611384 335 1898404 360 1528102 385 1804348 410 1410889 435 810237 460 725111 485 1067790 510 1888487 535 1745117 560 1298906 585 1075423 610 672515 635 619773 660 831659 685 583567 710 691072 735 955117 760 664200 785 552049 810 596257 835 672367 860 500519 885 614947 910 697506 911 0
0
209 3 1129 378
42 6 0 7 482900 32 523326 57 305673 82 191779 106 200960 131 127875 156 175941 181 164969 206 178962 231 202515 255 216146 280 296835 305 224300 330 370751 355 330783 380 326541 405 315569 429 238776 454 413366 479 375488 504 526855 529 657113 554 791108 578 513179 603 626710 628 652586 653 653390 678 601046 703 456018 728 727673 752 620770 777 1164573 802 1195218 827 1249101 852 1136255 877 2088498 901 1956215 926 2225435 951 3269787 976 2827087 977 0
1 208
210 2 1366 28
41 14 0 15 86913 40 124727 65 172882 91 180918 116 162649 141 405802 166 663065 192 861866 217 682036 242 1029772 267 1482313 293 845591 318 512696 343 861887 368 779590 394 771852 419 943141 444 1232169 469 1396037 495 1416679 520 2213047 545 1560937 570 892913 595 1297572 621 1255796 646 795178 671 719231 696 545105 722 1096702 747 1117889 772 2158257 797 2255841 823 1667294 848 613423 873 572952 898 728133 924 673741 949 842658 974 1503442 975 0
0
211 1 603 569
39 71 0 72 112964 97 141507 121 125312 146 72259 171 107198 195 234066 220 246583 245 228434 269 123549 294 169909 319 187802 343 251738 368 302637 393 321155 417 512116 442 532005 467 489236 491 465034 516 714419 541 699547 565 639647 590 610738 615 499557 639 682269 664 1086526 689 594846 713 880593 738 866453 763 824300 787 1515928 812 2676139 837 2350531 861 2415599 886 2496074 911 3191873 935 4510586 960 3957644 961 0
1 210
212 2 927 335
18 237 0 238 1527364 263 1975422 288 2451681 312 3112129 337 3912187 362 1851772 387 1962095 412 1427117 436 1033524 461 590048 486 1077013 511 1088204 536 819624 560 538771 585 515320 610 734613 611 0
0
213 1 1132 428
23 378 0 379 756534 404 1055253 428 1305528 453 1029879 477 866178 502 567434 526 438441 551 453937 575 489545 600 793727 625 898630 649 1037156 674 627875 698 621456 723 674565 747 834612 772 440826 796 999885 821 1895293 845 2839194 870 3883518 871 0
1 212
214 3 1124 244
25 166 0 167 738844 192 836906 217 778175 242 1380355 267 1144994 292 2385770 317 2932025 342 2208633 367 1742330 392 1219735 417 1406923 442 930833 467 830912 492 710305 517 532969 542 853991 567 1326060 592 1467261 617 1608758 642 1944630 667 2407630 692 1746042 717 1073638 718 0
2 213 212
215 2 1312 49
20 467 0 468 421951 493 498762 518 496975 544 455544 569 320390 594 665287 619 795864 645 611836 670 828332 695 677073 720 1138332 746 985605 771 1148099 796 1917865 821 2083762 847 1154951 872 1678786 897 1792472 898 0
0
216 3 1048 673
20 176 0 177 810513 202 1420556 226 1387923 251 1367551 276 979721 300 843211 325 984101 350 1524603 374 2960708 399 2880238 423 1699833 448 1118723 473 2180306 497 1637551 522 814552 547 396317 571 261291 596 222790 597 0
1 215
217 3 965 651
40 29 0 30 734741 55 717704 80 518865 105 490716 131 273247 156 235582 181 237726 206 288899 231 437343 256 368756 281 310339 306 459374 332 1082967 357 751600 382 596202 407 665914 432 1074543 457 810065 482 896309 508 656637 533 720258 558 630579 583 629785 608 538999 633 487497 658 369702 684 392107 709 661097 734 1215994 759 1060099 784 1088083 809 1542493 834 2035159 859 2075376 885 2711696 910 2435944 935 2261671 960 5580400 961 0
0
218 2 890 170
10 592 0 593 850148 616 645541 640 845925 663 1089854 686 1394827 709 1979072 733 2093351 756 2006846 757 0
1 217
219 1 613 586
34 216 0 217 4291532 242 4701292 266 3385497 291 2029372 315 1973802 340 1663348 365 1905637 389 965926 414 1068228 439 1329232 463 2222061 488 1742866 512 1324245 537 1058922 562 957359 586 791440 611 566333 635 677943 660 431504 685 352651 709 477314 734 642054 758 522484 783 596181 808 832757 832 1224320 857 1203452 882 856769 906 801024 931 948393 955 756960 980 533655 981 0
0
220 2 1322 147
23 341 0 342 2293526 367 2478736 392 2614884 417 2244098 442 1509296 467 1120778 492 1045524 517 1304976 542 1110801 567 1010637 593 891810 618 788803 643 665078 668 575663 693 468520 718 386375 743 401927 768 641901 793 693545 818 966007 843 853933 844 0
1 219
221 3 647 559
16 387 0 388 2395947 414 2442945 440 2674983 465 1982978 491 898633 517 621459 543 600192 568 725978 594 1006164 620 910919 646 580833 671 391224 697 314040 723 313838 724 0
0
222 1 598 396
22 411 0 412 1802996 436 1459017 461 1095222 485 1516746 510 1288236 534 915124 559 906390 583 802965 608 1156703 632 1206338 657 982336 681 1138050 706 1257807 730 1866162 755 980982 779 1035391 804 942912 828 1178713 853 1324638 877 1431342 878 0
1 221
223 2 754 154
28 101 0 102 435971 127 330358 152 277064 176 484296 201 658098 226 414655 251 325910 276 497338 300 391186 325 312741 350 395114 375 413371 400 538752 424 460228 449 783120 474 753466 499 672193 524 1080874 548 1848706 573 2481071 598 3142879 623 2680027 648 1564253 672 2168881 697 2942339 722 2736574 723 0
1 221
224 3 716 614
36 100 0 101 1293209 126 2002198 151 1454067 177 1397030 202 1520650 227 1076564 252 1486346 278 3755180 303 3648752 328 2189670 353 1138523 379 961154 404 1040549 429 1162509 454 1298309 480 886216 505 829583 530 1212919 555 851723 581 477663 606 773307 631 732490 656 655590 682 772095 707 957781 732 646797 757 902716 783 1051460 808 1471939 833 1534118 858 2357825 884 1780809 909 2154769 934 2459228 935 0
0
225 1 699 456
41 10 0 11 1738838 36 946222 61 680801 86 765259 111 726668 136 927194 161 836298 186 1040385 211 1355883 236 1834804 261 1879558 286 1099490 311 1526463 336 1193820 361 970888 386 1124163 411 1116004 436 658969 461 472185 487 612504 512 1214396 537 2114078 562 1190672 587 1251674 612 817177 637 737803 662 721417 687 1409362 712 1153702 737 932381 762 1919753 787 1504573 812 1389928 837 1071688 862 934796 887 1093042 912 715739 937 661674 962 494364 963 0
1 224
226 3 762 234
9 253 0 254 743236 277 894371 300 1034658 323 1274835 346 1589875 369 1777943 392 1459854 393 0
0
227 2 1326 6
30 230 0 231 220676 256 183839 281 272095 306 212051 331 236606 356 213509 381 279300 406 234734 431 344302 456 448572 481 399003 506 798610 531 1131107 556 1399529 582 2101506 607 2485804 632 3402498 657 2845933 682 2984544 707 2073095 732 2473447 757 2525167 782 3352358 807 2956939 832 2040082 857 3189135 882 1632798 907 1280683 908 0
1 226
228 1 1025 697
31 33 0 34 103937 59 89587 85 62149 110 59187 135 77268 160 82325 185 83622 211 115348 236 140478 261 176004 287 260731 312 381608 337 198821 362 232355 387 164268 413 297353 438 235678 463 277331 489 441135 514 898322 539 1055067 564 994376 589 1611278 615 2287214 640 2227540 665 5612300 691 3089567 716 2577365 741 3278019 742 0
2 227 226
229 1 904 5
21 281 0 282 2325238 307 1378970 332 1365887 357 1187789 381 1082902 406 2098158 431 1890696 456 1841764 481 1259954 505 1083715 530 1198885 555 937420 580 648278 605 692501 630 1756236 655 2556872 679 3150131 704 3775015 729 2482170 730 0
0
230 1 1320 423
18 185 0 186 695273 210 881378 235 2748661 259 2746720 283 1313962 308 956699 332 1593958 356 1281956 381 1309146 405 1468804 429 995732 454 626406 478 538829 502 510686 527 686520 551 701562 552 0
1 229
231 2 1440 600
20 227 0 228 1090960 253 1159378 278 1233163 302 1687812 327 1529053 352 1070482 377 1453284 402 1708214 427 1608009 451 1193963 476 802109 501 1336994 526 989800 551 968047 576 1523820 600 937046 625 1028579 650 1137700 651 0
0
232 2 1449 730
32 99 0 100 8656 125 8851 150 10310 176 13084 201 18687 226 25426 251 34580 276 29093 301 22828 327 33692 352 67669 377 103105 402 246467 427 246563 452 324299 478 452277 503 288556 528 529719 553 848243 578 925497 603 837863 629 973368 654 1554356 679 1452354 704 1657020 729 2047021 754 2614110 780 2100219 805 3126933 830 3842109 831 0
0
233 2 631 199
10 388 0 389 232193 414 189243 440 224771 465 476034 491 643982 516 1624813 542 2184829 567 1686123 568 0
1 232
234 1 582 660
11 139 0 140 2220486 165 1689479 189 1700965 213 1382541 238 1739326 263 1161256 287 1066842 311 970029 336 1260770 337 0
1 232
235 2 926 284
31 205 0 206 4666525 231 3253233 255 2861291 280 1587780 305 2722756 330 3954899 355 2264343 379 2089087 404 2030060 429 1939433 453 1742871 478 915532 503 822533 528 906500 553 680193 577 726288 602 667203 627 713238 651 411080 676 600976 701 512174 726 898792 751 1234740 775 805369 800 756106 825 701531 849 915125 874 833490 899 870725 900 0
0
236 1 902 345
30 108 0 109 1916572 134 1317163 158 1208388 183 1422339 207 1829530 232 2633842 256 1411709 281 1738090 305 1762919 330 1605160 354 2164824 379 1273562 403 1213971 428 1421247 452 1265051 477 1183150 501 1237015 526 981777 550 791448 575 1523966 599 1261878 624 767361 648 797557 673 948430 697 1060423 722 1387565 746 2009221 771 2357080 772 0
0
237 2 828 453
7 4 0 5 1474615 30 1234865 55 739010 81 745825 106 927101 107 0
2 238 236
238 2 787 488
12 475 0 476 1192972 500 1518480 524 1745855 548 1775876 572 2037323 595 1894318 619 1698643 643 1921533 667 1450333 691 2230243 692 0
0
239 3 1408 17
18 229 0 230 1395219 256 831053 281 934286 307 1176454 333 882711 358 1281718 384 2481725 410 2050120 435 1150559 461 1545324 487 1795890 512 1815544 538 1340821 564 2001682 589 2287543 615 2460296 616 0
0
240 2 1455 737
23 282 0 283 2163013 307 1984148 332 1968551 356 3231676 381 1772108 405 1258281 430 998777 454 904144 479 823232 503 524928 527 360635 552 202330 576 192950 601 144669 625 155871 650 286522 674 367406 699 588551 723 446943 748 623162 772 849611 773 0
0
241 1 560 192
36 111 0 112 1197341 137 989892 162 1654401 186 2456091 211 2950458 236 1739412 261 1561676 285 1669189 310 2136594 335 2148238 360 1844448 384 1058717 409 914921 434 918399 459 1027620 483 846610 508 541378 533 545776 558 678711 582 425149 607 596819 632 470660 657 905506 681 1180227 706 1621648 731 713540 756 743543 780 647111 805 897887 830 808305 855 944566 879 2123360 904 1262550 929 1065075 930 0
1 240
242 3 1304 471
8 651 0 652 1761771 678 2571828 705 1416433 731 1871671 758 1744718 784 1728917 785 0
1 241
243 2 713 314
8 376 0 377 1881562 404 2202713 431 2229489 459 1790846 486 1282285 513 1414175 514 0
0
244 1 1044 605
8 869 0 870 1901017 893 1597281 915 1411291 938 1627088 960 2347344 983 2702722 984 0
1 243
245 3 586 90
30 3 0 4 2097382 29 1128163 54 802915 79 568252 104 470394 129 371570 154 502212 179 381597 204 473160 229 340299 254 305179 279 364661 304 328749 329 345451 354 443689 379 588513 404 529612 429 464275 454 710976 479 1232562 504 1433346 529 1690574 554 2458985 579 3258237 604 4816090 629 3872178 654 3211445 679 2855541 680 0
0
246 3 1458 437
20 65 0 66 2388303 90 1899544 115 1623668 139 1535940 163 710558 188 889767 212 814946 236 895524 261 895944 285 1038838 310 866167 334 1019596 358 1417300 383 1202900 407 1447167 431 1447505 456 1425469 480 1494380 481 0
1 245
247 3 1083 641
18 358 0 359 927317 384 1043153 409 1292496 434 1255100 460 1437393 485 1737055 510 1639700 535 1280155 560 1147874 585 983979 610 1410048 635 1329459 661 850279 686 941691 711 612067 736 980534 737 0
0
248 2 683 762
28 313 0 314 1376699 339 718411 364 1139166 390 798467 415 577803 440 815844 465 353411 491 411554 516 403589 541 884286 566 992394 592 959374 617 1656416 642 1343874 667 880004 693 750862 718 702007 743 734798 768 629242 794 1086869 819 1061304 844 748286 869 1304567 895 1283050 920 1881263 945 1783014 946 0
1 247
249 2 570 574
32 138 0 139 1544778 164 1947108 188 2145020 213 1749428 238 1652599 262 1319582 287 1346110 312 1162626 337 1866736 361 1299977 386 1369517 411 870889 435 519285 460 541546 485 439083 509 750045 534 695372 559 826555 583 697452 608 1039910 633 1145852 657 1356486 682 1242868 707 1892453 732 1468715 756 1544236 781 2074733 806 1640218 830 2087615 855 1712114 856 0
0
250 2 1317 242
41 26 0 27 1739444 52 1939827 76 2040408 101 2486233 126 2371371 151 1837078 175 1415351 200 1978050 225 1215076 249 1045263 274 926816 299 935809 324 850627 348 776803 373 901765 398 1377530 422 1843866 447 1158933 472 767225 497 816413 521 1057091 546 1042737 571 983412 595 735636 620 1353897 645 2241896 669 1480860 694 1390206 719 1370597 744 800668 768 639925 793 1227398 818 2341414 842 2351153 867 1904694 892 1564447 917 1356606 941 1461893 966 889163 967 0
0
251 1 1137 674
21 352 0 353 291288 378 599180 403 766469 427 1630581 452 1997367 477 1064579 502 1168531 527 822987 552 802984 577 1203351 601 1486271 626 1582932 651 2399038 676 1188288 701 1765563 725 1615892 750 2061783 775 2435494 800 1364763 801 0
1 250
316145274314
