171 173 128
170 175 128
169 172 128
169 170 128
168 187 512
168 175 128
167 170 128
167 168 128
164 165 128
163 181 256
162 165 128
162 163 128
161 168 256
150 154 64
148 177 128
146 150 64
145 179 128
145 180 128
145 154 64
145 146 64
144 179 128
142 148 64
141 159 64
141 155 64
139 161 128
138 158 64
138 141 64
137 141 64
136 137 64
136 138 64
134 136 64
134 149 64
134 135 64
132 135 64
132 136 64
132 133 64
128 134 64
128 138 64
128 140 64
128 129 64
127 186 512
126 160 64
124 143 64
123 130 64
121 122 64
120 188 512
118 152 64
117 177 128
116 120 64
116 119 64
116 117 64
115 118 64
114 119 64
114 120 64
114 115 64
113 119 64
113 115 64
112 176 128
112 157 64
112 113 64
111 119 64
111 117 64
111 112 64
110 157 64
110 113 64
110 118 64
109 174 128
109 157 64
108 110 64
108 152 64
108 109 64
107 148 64
106 142 64
106 107 64
105 172 128
104 125 64
103 174 128
103 125 64
102 104 64
102 103 64
101 173 128
101 105 128
101 125 64
100 104 64
100 101 64
98 121 64
98 152 128
98 99 64
95 176 128
95 102 64
95 107 64
95 96 64
94 109 128
94 99 64
92 94 64
92 97 64
92 151 64
92 93 64
91 93 64
91 94 64
90 150 64
89 154 64
89 132 64
89 137 64
89 90 64
88 93 64
87 91 64
87 174 128
87 88 64
86 171 256
86 166 128
86 88 64
85 93 64
85 86 64
84 182 256
84 142 64
83 106 64
83 84 64
81 84 64
81 82 64
80 81 64
80 83 64
79 80 64
79 130 64
78 96 64
78 83 64
78 100 64
78 79 64
77 82 64
77 130 64
77 80 64
76 144 64
76 82 64
75 123 64
75 77 64
75 76 64
73 144 64
73 75 64
72 105 64
72 130 64
71 123 64
71 72 64
70 71 64
69 71 64
69 105 64
68 144 128
68 146 64
67 163 128
66 68 64
65 68 64
65 150 64
65 153 64
64 66 64
64 147 64
64 65 64
63 123 64
63 73 64
63 70 64
62 63 64
61 62 64
61 66 64
60 169 128
60 70 64
60 69 64
59 70 64
59 62 64
58 60 64
58 59 64
56 59 64
56 61 64
55 61 64
55 64 64
54 55 64
54 147 64
53 58 64
53 170 128
53 56 64
52 56 64
52 55 64
51 53 64
51 52 64
50 175 128
50 51 64
49 52 64
49 54 64
49 50 64
48 162 128
48 164 128
47 48 64
47 67 64
46 48 64
45 67 64
44 46 64
44 47 64
44 45 64
43 45 64
41 172 128
41 171 128
41 57 64
41 42 64
40 126 64
40 42 64
40 57 64
39 169 128
39 167 128
39 57 64
38 40 64
38 39 64
35 126 64
35 36 64
34 126 64
34 38 64
33 35 64
32 35 64
32 34 64
31 164 128
30 31 64
29 37 64
29 30 64
28 36 64
28 37 64
28 33 64
27 29 64
26 30 64
26 46 64
26 27 64
25 27 64
24 29 64
24 28 64
24 25 64
23 26 64
23 44 64
23 43 64
21 23 64
21 27 64
21 22 64
20 43 64
20 21 64
19 22 64
19 20 64
18 74 64
18 19 64
17 33 64
17 32 64
186 187 512
16 139 64
16 17 64
185 186 512
15 139 64
184 185 512
14 131 64
13 17 64
13 14 64
182 183 256
12 13 64
12 16 64
12 15 64
11 143 64
11 15 64
10 14 64
10 12 64
10 11 64
9 14 64
9 74 64
8 18 64
8 9 64
178 182 256
178 179 128
7 10 64
7 9 64
6 8 64
6 7 64
176 177 128
5 124 64
5 11 64
5 7 64
4 127 64
4 124 64
174 176 128
3 161 128
3 143 64
3 4 64
97 121 64
97 156 64
97 99 64
2 127 64
2 124 64
96 104 64
96 106 64
172 173 128
1 6 64
1 5 64
1 2 64
