1536 512 1408 512
1408 896 1408 1024
1408 768 1408 640
1408 768 1408 896
1536 1024 1536 1536
1536 1024 1408 1024
1536 896 1408 896
1536 896 1536 1024
1792 384 1792 256
2048 256 2048 0
1920 256 1792 256
1920 256 2048 256
1792 1024 1536 1024
960 960 896 960
1024 384 1024 256
960 896 960 960
896 896 896 768
896 896 768 896
896 896 896 960
896 896 960 896
1024 768 896 768
1024 448 1024 384
768 1024 768 960
768 1024 704 1024
1792 896 1792 1024
768 1088 704 1088
768 1088 768 1024
832 1024 768 1024
832 1088 832 1024
832 1088 768 1088
832 1152 832 1088
832 1152 832 1216
832 1152 896 1152
896 1088 896 1152
896 1088 832 1088
896 1088 960 1088
768 1152 832 1152
768 1152 768 1088
768 1152 704 1152
768 1152 768 1216
2048 1024 2048 1536
1664 704 1664 640
1984 960 1920 960
1152 704 1152 640
1472 0 1536 0
1024 0 512 0
1216 0 1280 0
1024 128 1024 256
1024 64 1024 0
1024 64 1088 64
1024 64 1024 128
1152 0 1216 0
1088 0 1088 64
1088 0 1024 0
1088 0 1152 0
1152 64 1088 64
1152 64 1152 0
1152 128 1152 256
1152 128 1216 128
1152 128 1152 64
1088 128 1088 64
1088 128 1024 128
1088 128 1152 128
1216 64 1216 128
1216 64 1152 64
1216 64 1216 0
1280 128 1280 256
1280 128 1216 128
1280 64 1216 64
1280 64 1280 0
1280 64 1280 128
1088 384 1024 384
1088 448 1024 448
1088 448 1088 384
1280 640 1408 640
1216 448 1280 448
1280 384 1280 256
1280 384 1280 448
1216 384 1216 448
1216 384 1280 384
1280 512 1408 512
1280 512 1280 640
1280 512 1280 448
1216 512 1216 448
1216 512 1280 512
1408 0 1472 0
1408 0 1280 0
1408 0 1408 64
1152 384 1152 256
1152 384 1216 384
1152 384 1088 384
1152 384 1152 448
1408 128 1280 128
1408 128 1408 64
1472 128 1408 128
1472 128 1472 64
1472 128 1536 128
1472 128 1472 192
1408 192 1472 192
1408 192 1408 128
960 1024 960 960
896 1024 896 960
896 1024 896 1088
896 1024 832 1024
896 1024 960 1024
1472 256 1472 192
1408 256 1408 192
1408 256 1280 256
1408 256 1472 256
1536 256 1536 512
1536 256 1664 256
1536 256 1472 256
1536 192 1472 192
1536 192 1536 256
1024 512 768 512
1024 512 1024 448
1088 512 1088 448
1088 512 1024 512
1024 576 1024 512
1024 576 1024 640
1088 576 1024 576
1088 576 1088 512
1152 576 1088 576
1152 576 1152 640
1152 512 1152 448
1152 512 1088 512
1152 512 1216 512
1152 512 1152 576
1088 640 1024 640
1088 640 1152 640
1088 640 1088 576
1024 704 1024 768
1024 704 1024 640
1088 704 1152 704
1088 704 1088 640
1088 704 1024 704
1088 768 1024 768
1088 768 1088 704
1216 640 1280 640
1216 640 1152 640
1216 704 1152 704
1216 704 1216 640
1216 768 1216 704
1280 704 1216 704
1280 704 1280 640
1024 896 1024 768
1024 896 960 896
2048 384 2048 256
1088 896 1024 896
1024 960 1024 896
1024 960 960 960
1024 960 1024 1024
1088 960 1088 896
1088 960 1088 1024
1088 960 1024 960
1152 768 1152 704
1152 768 1088 768
1152 768 1216 768
1152 832 1152 768
1152 896 1152 832
1152 896 1088 896
1280 768 1408 768
1280 768 1216 768
1280 768 1280 704
1216 832 1216 768
1216 832 1152 832
1280 832 1280 768
1280 832 1216 832
1216 896 1216 832
1216 896 1152 896
1152 960 1152 896
1152 960 1088 960
1152 1024 1152 960
1152 1024 1088 1024
1280 896 1280 832
1280 896 1408 896
1280 896 1216 896
1216 960 1216 896
1216 960 1152 960
1280 960 1280 896
1280 960 1216 960
1280 1024 1408 1024
1280 1024 1280 960
1216 1024 1216 960
1216 1024 1152 1024
1216 1024 1280 1024
1920 384 1920 256
1920 384 1792 384
1984 384 1920 384
1984 384 2048 384
1920 448 1920 384
2048 448 2048 384
1984 448 1920 448
1984 448 1984 384
1984 448 2048 448
2048 512 2048 448
1536 640 1408 640
1536 640 1536 512
1536 640 1536 704
1536 640 1600 640
1600 704 1664 704
1600 704 1600 640
1600 704 1536 704
1536 768 1408 768
1536 768 1536 896
1536 768 1536 704
1600 768 1600 704
1600 768 1536 768
1728 704 1664 704
1728 704 1728 640
1664 768 1664 704
1664 768 1600 768
1792 704 1728 704
1728 768 1728 704
1728 768 1664 768
1792 512 1792 384
1856 512 1792 512
1856 576 1792 576
1856 576 1856 512
1792 640 1728 640
1792 640 1792 576
1792 640 1792 704
1920 576 1856 576
1920 512 1856 512
1920 512 1920 448
1920 512 1920 576
1920 640 1920 576
1856 640 1856 576
1856 640 1792 640
1856 640 1920 640
1984 512 1920 512
1984 512 1984 448
1984 512 2048 512
1984 576 1984 512
1984 576 1920 576
1984 576 1984 640
2048 576 2048 512
2048 576 1984 576
2048 640 1984 640
2048 640 2048 576
2048 704 1984 704
2048 704 2048 640
1792 768 1792 704
1792 768 1728 768
2048 1536 1536 1536
1792 832 1792 896
1792 832 1792 768
2048 2048 2048 1536
1856 896 1792 896
1536 2048 2048 2048
1920 768 1920 704
1856 768 1792 768
1856 768 1920 768
768 512 512 512
1856 832 1856 768
1856 832 1792 832
1856 832 1856 896
1920 896 1920 960
1920 896 1856 896
1920 832 1920 768
1920 832 1856 832
1920 832 1920 896
1984 768 1920 768
1984 768 1984 704
2048 768 2048 704
2048 768 1984 768
768 768 768 512
768 768 896 768
1984 832 1920 832
1984 832 1984 768
2048 832 2048 768
2048 832 1984 832
1152 256 1024 256
1984 896 1984 960
1984 896 1920 896
1984 896 1984 832
1984 1024 2048 1024
1984 1024 1984 960
1280 256 1152 256
1920 1024 1792 1024
1920 1024 1920 960
1920 1024 1984 1024
1472 64 1472 0
1472 64 1536 64
1472 64 1408 64
2048 960 2048 1024
2048 960 1984 960
1152 448 1216 448
1152 448 1088 448
1408 640 1408 512
2048 896 2048 832
2048 896 1984 896
2048 896 2048 960
