1 2048 896
2 2048 960
3 1920 1024
4 1984 1024
5 1984 896
6 2048 832
7 1984 832
8 2048 768
9 1984 768
10 1920 832
11 1920 896
12 1856 832
13 1856 768
14 1920 768
15 1856 896
16 1792 832
17 1792 768
18 2048 704
19 2048 640
20 2048 576
21 1984 576
22 1984 640
23 1984 512
24 1856 640
25 1920 640
26 1920 512
27 1920 576
28 1792 640
29 1856 576
30 1856 512
31 1792 512
32 1728 768
33 1792 704
34 1664 768
35 1728 704
36 1728 640
37 1792 576
38 1600 768
39 1536 768
40 1600 704
41 1536 640
42 1600 640
43 2048 512
44 1984 448
45 2048 448
46 1920 448
47 1984 384
48 1920 384
49 1216 1024
50 1280 1024
51 1280 960
52 1216 960
53 1280 896
54 1152 1024
55 1152 960
56 1216 896
57 1536 704
58 1280 832
59 1216 832
60 1280 768
61 1152 896
62 1152 832
63 1152 768
64 1088 960
65 1024 960
66 1088 896
67 2048 384
68 1024 896
69 1280 704
70 1216 768
71 1216 704
72 1216 640
73 1088 768
74 1984 704
75 1088 704
76 1024 704
77 1088 640
78 1152 512
79 1152 576
80 1088 576
81 1024 576
82 1024 640
83 1088 512
84 1024 512
85 1536 192
86 1536 256
87 1408 256
88 1472 256
89 896 1024
90 960 1024
91 1408 192
92 1472 128
93 1472 192
94 1408 128
95 1152 384
96 1152 448
97 1472 64
98 1408 0
99 1408 64
100 1216 512
101 1280 512
102 1216 384
103 1280 384
104 1216 448
105 1280 640
106 1088 448
107 1088 384
108 1280 64
109 1280 128
110 1216 64
111 1088 128
112 1152 128
113 1152 64
114 1088 0
115 1152 0
116 1024 64
117 1024 128
118 1216 0
119 1088 64
120 1024 0
121 1472 0
122 1536 0
123 1152 704
124 1984 960
125 1280 448
126 1664 704
127 2048 1024
128 768 1152
129 768 1216
130 1152 640
131 1920 704
132 896 1088
133 960 1088
134 832 1152
135 896 1152
136 832 1088
137 832 1024
138 768 1088
139 1792 896
140 704 1152
141 768 1024
142 1024 448
143 1920 960
144 1024 768
145 896 896
146 960 896
147 1088 1024
148 1024 384
149 832 1216
150 960 960
151 1536 128
152 1280 0
153 1024 1024
154 896 960
155 704 1024
156 1536 64
157 1216 128
158 704 1088
159 768 960
160 1664 640
161 1792 1024
162 1920 256
163 2048 256
164 1792 384
165 1792 256
166 1664 256
167 1536 896
168 1536 1024
169 1408 768
170 1408 896
171 1536 512
172 1408 640
173 1408 512
174 1280 256
175 1408 1024
176 1152 256
177 1024 256
178 768 768
179 896 768
180 768 896
181 2048 0
182 768 512
183 512 512
184 1536 2048
185 2048 2048
186 2048 1536
187 1536 1536
188 512 0
