1 1728 2000
2 1728 2016
3 1696 2016
4 1712 2016
5 1696 2000
6 1712 2000
7 1696 1984
8 1680 2000
9 1680 2016
10 1664 1984
11 1680 1984
12 1520 1728
13 1536 1728
14 1136 1968
15 1152 1968
16 1152 1952
17 1152 1936
18 1152 1920
19 1136 1920
20 1136 1936
21 1136 1952
22 1120 1936
23 1104 1952
24 1120 1952
25 1104 1936
26 1072 1984
27 1088 1984
28 1088 1968
29 1072 1968
30 1088 1952
31 1120 1920
32 1056 1984
33 1056 1968
34 1072 1936
35 1088 1936
36 1072 1920
37 1088 1920
38 1056 1952
39 1072 1952
40 1056 1936
41 1056 1920
42 1024 1984
43 1040 1984
44 1024 1968
45 1040 1968
46 1040 1952
47 1040 1936
48 1040 1920
49 1024 1936
50 1264 1728
51 1280 1728
52 1280 1712
53 1264 1712
54 1264 1696
55 1248 1696
56 1248 1712
57 1280 1696
58 1280 1680
59 1280 1664
60 1264 1680
61 1248 1680
62 1248 1664
63 1216 1776
64 1216 1792
65 1200 1776
66 1184 1792
67 1200 1792
68 1184 1776
69 1168 1744
70 1184 1744
71 1168 1728
72 1184 1728
73 1152 1760
74 1168 1760
75 1136 1984
76 1152 1984
77 1232 1632
78 1248 1632
79 1216 1632
80 1216 1648
81 1136 1776
82 1152 1776
83 1120 1792
84 1136 1792
85 1120 1760
86 1136 1760
87 1120 1776
88 1104 1968
89 1120 1968
90 1120 1744
91 1104 1744
92 1120 1728
93 1088 1776
94 1088 1792
95 1056 1792
96 1072 1792
97 1072 1776
98 1072 1760
99 1088 1760
100 1072 1744
101 1088 1744
102 1088 1728
103 1056 1760
104 1056 1728
105 1072 1728
106 1056 1776
107 1088 1584
108 1088 1600
109 1072 1584
110 1056 1584
111 1056 1568
112 1072 1568
113 1040 1568
114 1040 1584
115 1040 1552
116 1056 1552
117 1056 1536
118 1040 1536
119 1024 1552
120 1024 1536
121 1968 960
122 1984 960
123 1968 944
124 1984 944
125 1984 928
126 1968 928
127 1952 928
128 1952 944
129 1968 912
130 1984 912
131 1216 1664
132 1984 896
133 1936 928
134 1952 912
135 1920 928
136 2048 864
137 2048 880
138 2032 880
139 2032 896
140 2016 880
141 2032 848
142 2032 864
143 2016 832
144 2032 832
145 2000 896
146 2000 864
147 2000 880
148 2016 864
149 2000 848
150 1984 848
151 1984 864
152 2000 832
153 1968 896
154 1984 880
155 1968 864
156 1952 880
157 1968 880
158 1936 896
159 1952 896
160 1952 864
161 1920 896
162 1504 1696
163 1504 1712
164 1920 880
165 1936 880
166 1936 864
167 1984 800
168 1984 816
169 1968 800
170 1952 832
171 1968 832
172 1952 816
173 1968 816
174 1936 816
175 1920 832
176 1936 832
177 1920 816
178 1936 800
179 1952 784
180 1952 800
181 1936 784
182 1920 800
183 1936 768
184 1920 864
185 1888 880
186 1904 880
187 1904 864
188 1920 848
189 1888 864
190 1904 848
191 1120 1984
192 1904 832
193 1872 880
194 1872 896
195 1856 880
196 1856 864
197 1888 848
198 1856 848
199 1872 848
200 1904 816
201 1888 816
202 1520 1696
203 1536 1696
204 1904 800
205 1904 784
206 1920 784
207 1904 768
208 1920 768
209 1872 816
210 1888 800
211 1856 832
212 1872 832
213 1856 816
214 1872 800
215 1856 800
216 1888 784
217 1872 768
218 1872 784
219 1840 864
220 1840 832
221 1824 864
222 1824 848
223 1840 848
224 1824 832
225 1808 864
226 1808 880
227 1808 896
228 1792 864
229 1808 832
230 1824 800
231 1824 816
232 1808 800
233 1808 816
234 1824 784
235 1824 768
236 1792 768
237 1808 768
238 1104 1760
239 1728 1984
240 1504 1728
241 1920 752
242 1888 896
243 1872 864
244 1264 1664
245 1872 720
246 1872 736
247 1888 768
248 1840 768
249 1856 768
250 1856 752
251 1840 752
252 1840 736
253 1840 720
254 1856 720
255 1856 704
256 1824 720
257 1824 736
258 1840 704
259 1040 1776
260 1104 1728
261 1664 2000
262 1664 2016
263 1040 1760
264 1776 896
265 1792 896
266 1792 880
267 1776 880
268 1760 880
269 1792 848
270 1792 832
271 1760 864
272 1776 864
273 1760 848
274 1776 848
275 1776 832
276 1760 896
277 1728 896
278 1744 896
279 1728 880
280 1744 880
281 1728 864
282 1744 864
283 1744 848
284 1728 848
285 1792 816
286 1776 816
287 1792 800
288 1760 816
289 1776 800
290 1792 784
291 1776 768
292 1776 784
293 1760 768
294 2016 896
295 1744 832
296 1760 832
297 1744 816
298 1760 800
299 1728 832
300 1728 816
301 1744 800
302 1744 784
303 1760 784
304 1744 768
305 1728 768
306 1712 864
307 1712 848
308 1696 848
309 1680 896
310 1696 896
311 1696 880
312 1680 864
313 1680 880
314 1696 864
315 1680 848
316 1696 832
317 1888 832
318 1664 848
319 1680 832
320 1664 832
321 1696 816
322 1712 816
323 1712 800
324 1728 800
325 1712 784
326 1728 784
327 1696 768
328 1712 768
329 1680 800
330 1696 800
331 1696 784
332 1680 768
333 1664 784
334 1664 800
335 1664 768
336 1664 960
337 1664 976
338 1648 976
339 1648 992
340 1632 976
341 1648 960
342 1616 976
343 1600 992
344 1616 992
345 1600 976
346 1664 944
347 1648 944
348 1664 928
349 1632 944
350 1664 912
351 1648 896
352 1664 896
353 1712 1984
354 1632 928
355 1648 928
356 1648 912
357 1632 912
358 1808 784
359 1632 896
360 1616 960
361 1632 960
362 1616 928
363 1616 944
364 1600 944
365 1600 928
366 1584 1008
367 1600 1008
368 1600 960
369 1568 992
370 1584 992
371 1584 976
372 1568 960
373 1584 960
374 1568 1008
375 1536 1024
376 1552 1024
377 1552 1008
378 1536 1008
379 1552 992
380 1552 976
381 1568 976
382 1536 976
383 1536 992
384 1552 960
385 1584 928
386 1568 928
387 1584 912
388 1584 896
389 1568 896
390 1568 912
391 1568 944
392 1552 928
393 1552 944
394 1536 944
395 1536 960
396 1536 928
397 1616 896
398 1616 880
399 1632 880
400 1632 864
401 1600 896
402 1600 880
403 1648 816
404 1664 816
405 1648 800
406 1632 816
407 1632 832
408 1632 800
409 1632 784
410 1616 784
411 1600 784
412 1600 800
413 1600 768
414 1584 880
415 1584 864
416 1568 864
417 1536 848
418 1536 864
419 1152 1792
420 1552 832
421 1552 848
422 1536 832
423 1776 640
424 1792 640
425 1792 624
426 1776 624
427 1760 624
428 1776 608
429 1760 608
430 1760 640
431 1744 608
432 1744 624
433 1744 640
434 1728 608
435 1648 752
436 1664 752
437 1728 624
438 1648 768
439 1648 736
440 1664 736
441 1648 720
442 1664 720
443 1664 704
444 1632 736
445 1632 720
446 1648 704
447 1616 768
448 1632 768
449 1632 752
450 1584 1024
451 1616 752
452 1600 752
453 1616 736
454 1616 720
455 1632 704
456 1600 720
457 1664 672
458 1664 688
459 1824 880
460 1632 688
461 1648 688
462 1648 640
463 1648 656
464 1616 688
465 1632 672
466 1616 704
467 1600 688
468 1616 672
469 1600 672
470 1632 656
471 1632 640
472 1248 1728
473 1616 656
474 1616 640
475 1600 640
476 1600 656
477 1584 752
478 1600 736
479 1568 768
480 1584 768
481 1584 736
482 1600 864
483 1584 720
484 1600 704
485 1568 736
486 1824 896
487 1568 752
488 1536 768
489 1552 768
490 1552 752
491 1536 752
492 1552 736
493 1536 736
494 1568 720
495 1552 720
496 1552 704
497 1568 704
498 1536 720
499 1584 704
500 1536 704
501 1552 672
502 1568 672
503 1184 1760
504 1200 1760
505 1568 656
506 1568 640
507 1552 640
508 1536 672
509 1536 656
510 1552 656
511 1536 640
512 1648 576
513 1664 576
514 1648 544
515 1664 544
516 1632 576
517 1648 560
518 1632 544
519 1520 1712
520 1904 896
521 1872 704
522 1024 1952
523 1088 1568
524 1552 864
525 1600 912
526 1856 784
527 1712 832
528 1536 1712
529 1056 1744
530 1632 560
531 1824 752
532 1568 1024
533 1568 880
534 1664 560
535 1152 1744
536 1568 848
537 1040 1600
538 1024 1568
539 1024 1584
540 1024 1760
541 1728 640
542 1392 928
543 1408 928
544 1104 752
545 1120 752
546 1216 624
547 1216 640
548 912 1344
549 912 1360
550 1936 912
551 1504 880
552 1520 880
553 416 1328
554 416 1344
555 1520 864
556 1504 864
557 1008 1744
558 1024 1744
559 1168 720
560 1168 736
561 1472 880
562 1472 896
563 1456 880
564 1456 896
565 1456 864
566 1648 672
567 1472 832
568 1472 848
569 1440 880
570 1440 896
571 1536 880
572 1440 864
573 960 1568
574 976 1568
575 1408 896
576 1424 896
577 1408 880
578 1424 880
579 1408 864
580 1424 864
581 1376 784
582 1392 784
583 1472 816
584 1472 800
585 1440 832
586 1456 832
587 1440 816
588 1456 816
589 1456 800
590 1472 784
591 1456 784
592 1472 768
593 368 1536
594 384 1536
595 1440 784
596 1440 800
597 912 1520
598 928 1520
599 1440 768
600 1456 768
601 992 1360
602 992 1376
603 1392 960
604 1408 960
605 1408 944
606 1024 1776
607 1376 960
608 1392 944
609 1376 928
610 1648 832
611 1344 976
612 1344 992
613 1328 976
614 1328 960
615 1344 960
616 1616 864
617 1312 992
618 1312 1008
619 1280 1024
620 1296 1024
621 1920 912
622 1280 1008
623 1008 1520
624 1024 1520
625 1296 976
626 1312 976
627 1312 960
628 960 1280
629 976 1280
630 1280 992
631 1296 992
632 1280 976
633 1456 848
634 1344 912
635 1344 928
636 368 1488
637 368 1504
638 1344 896
639 1328 896
640 1312 800
641 1328 800
642 1312 912
643 1312 928
644 1296 1008
645 1312 896
646 1296 960
647 1296 944
648 1312 944
649 1280 944
650 1280 960
651 224 1168
652 224 1184
653 1296 928
654 1280 928
655 1376 832
656 1392 832
657 944 1648
658 960 1648
659 1392 816
660 1952 960
661 1376 816
662 1392 800
663 1408 800
664 304 1440
665 320 1440
666 1408 768
667 1408 784
668 848 1072
669 848 1088
670 1376 800
671 1376 768
672 1392 768
673 1360 816
674 1360 832
675 1344 816
676 1344 800
677 1360 800
678 1328 864
679 1344 864
680 1344 848
681 1312 1024
682 1312 864
683 1312 848
684 1328 848
685 1280 864
686 1296 864
687 1280 848
688 1280 832
689 1344 832
690 1296 816
691 1312 816
692 1296 832
693 992 1392
694 992 1408
695 1296 800
696 1168 768
697 1184 768
698 1168 752
699 1184 752
700 1184 736
701 352 1296
702 352 1312
703 832 1632
704 832 1648
705 1120 720
706 1120 736
707 1152 736
708 1152 752
709 400 1312
710 400 1328
711 1152 720
712 1856 896
713 272 1392
714 272 1408
715 1248 608
716 1248 624
717 1232 640
718 1232 624
719 640 1296
720 640 1312
721 816 1056
722 816 1072
723 1328 992
724 816 1040
725 832 1040
726 1296 848
727 1328 816
728 1328 832
729 1008 1760
730 1008 1776
731 1056 1600
732 1136 752
733 1136 736
734 864 1072
735 928 1616
736 928 1632
737 1216 1760
738 1664 864
739 1664 880
740 1088 768
741 1104 768
742 1088 752
743 992 1728
744 992 1744
745 1104 736
746 1120 768
747 864 1040
748 864 1056
749 1120 704
750 1088 736
751 1856 736
752 944 1632
753 960 1632
754 1088 720
755 1104 720
756 1104 704
757 1472 864
758 1136 672
759 1152 672
760 400 1872
761 400 1888
762 944 1328
763 960 1328
764 1104 1984
765 1104 688
766 1120 688
767 1280 800
768 1280 816
769 992 1792
770 1008 1792
771 1232 608
772 1328 912
773 1328 928
774 944 1616
775 736 1936
776 736 1952
777 960 1472
778 960 1488
779 240 1248
780 240 1264
781 960 1536
782 976 1536
783 400 1856
784 416 1856
785 528 1392
786 544 1392
787 352 1472
788 352 1488
789 992 1760
790 288 1408
791 1504 896
792 1520 896
793 352 1344
794 352 1360
795 1248 1648
796 688 1280
797 704 1280
798 320 1392
799 320 1408
800 1664 640
801 1024 1792
802 448 1536
803 448 1552
804 992 1776
805 512 1632
806 512 1648
807 1008 1728
808 1024 1728
809 896 1072
810 896 1088
811 976 1792
812 976 1776
813 976 1760
814 960 1776
815 960 1760
816 1664 656
817 432 1856
818 448 1856
819 976 1600
820 992 1600
821 992 1568
822 992 1584
823 992 1536
824 992 1552
825 976 1552
826 1680 784
827 944 1664
828 960 1664
829 928 1648
830 288 1728
831 288 1744
832 960 1616
833 944 1600
834 960 1600
835 928 1600
836 816 1648
837 816 1632
838 800 1664
839 816 1664
840 1600 1024
841 288 1376
842 288 1392
843 880 1072
844 336 1504
845 352 1504
846 1616 800
847 640 1280
848 656 1280
849 1152 704
850 1168 704
851 720 1936
852 368 1312
853 384 1312
854 720 1952
855 720 1920
856 1232 1648
857 656 1296
858 656 1312
859 544 1408
860 560 1408
861 1984 832
862 976 1584
863 336 1488
864 992 1456
865 992 1472
866 320 1280
867 336 1280
868 720 1280
869 720 1296
870 368 1392
871 368 1408
872 960 1088
873 976 1088
874 1232 1664
875 400 1344
876 1376 944
877 672 1280
878 976 1472
879 2048 848
880 512 1680
881 528 1680
882 1408 816
883 1408 832
884 288 1424
885 304 1424
886 320 1360
887 336 1360
888 736 1920
889 1312 832
890 416 1872
891 432 1872
892 800 1024
893 800 1040
894 1008 1360
895 1024 1360
896 464 1360
897 480 1360
898 960 1072
899 976 1072
900 336 1376
901 352 1376
902 1072 1600
903 960 1584
904 384 1888
905 256 1392
906 256 1408
907 832 1072
908 464 1376
909 464 1392
910 992 1280
911 1264 608
912 1280 608
913 1040 1792
914 976 1296
915 976 1312
916 992 1088
917 2048 832
918 896 1520
919 320 1296
920 320 1312
921 256 1728
922 256 1744
923 432 1328
924 448 1328
925 2048 896
926 1568 832
927 480 1392
928 912 1504
929 928 1504
930 512 1712
931 512 1728
932 512 1696
933 528 1696
934 1248 640
935 1120 672
936 1152 768
937 688 1296
938 688 1312
939 992 1344
940 832 1664
941 1024 1600
942 1008 1392
943 512 1664
944 528 1664
945 384 1328
946 656 1328
947 672 1328
948 528 1648
949 528 1632
950 864 1088
951 880 1088
952 352 1536
953 960 1296
954 672 1312
955 832 1056
956 352 1328
957 800 1072
958 528 1568
959 544 1568
960 304 1360
961 800 1344
962 816 1344
963 528 1552
964 832 1344
965 832 1360
966 1280 592
967 992 1296
968 1008 1296
969 512 1552
970 1024 1920
971 528 1536
972 384 1856
973 384 1872
974 512 1536
975 304 1408
976 1024 1504
977 1008 1504
978 1008 1536
979 992 1520
980 896 1360
981 976 1520
982 896 1376
983 960 1520
984 512 1568
985 2016 848
986 960 1504
987 992 1488
988 992 1504
989 976 1504
990 976 1488
991 912 1376
992 1664 992
993 848 1024
994 848 1040
995 976 1456
996 992 1440
997 944 1344
998 960 1344
999 1024 1040
1000 1024 1056
1001 976 1440
1002 800 1056
1003 800 1088
1004 960 1792
1005 960 1456
1006 704 1312
1007 976 1056
1008 992 1056
1009 1024 1392
1010 1024 1408
1011 960 1440
1012 928 1536
1013 448 1872
1014 896 1536
1015 912 1536
1016 1008 1344
1017 1024 1344
1018 896 1504
1019 928 1488
1020 256 1152
1021 256 1168
1022 912 1472
1023 928 1472
1024 928 1664
1025 896 1472
1026 1184 720
1027 896 1488
1028 320 1424
1029 1024 1376
1030 1008 1376
1031 672 1296
1032 848 1056
1033 1024 1296
1034 1024 1312
1035 1008 1312
1036 336 1472
1037 1536 896
1038 960 1312
1039 304 1376
1040 512 1376
1041 528 1376
1042 912 1408
1043 928 1408
1044 928 1392
1045 928 1376
1046 896 1408
1047 640 1344
1048 656 1344
1049 912 1392
1050 256 1264
1051 896 1392
1052 928 1360
1053 704 1920
1054 384 1344
1055 928 1344
1056 928 1312
1057 928 1328
1058 1008 1056
1059 1024 1280
1060 992 1312
1061 896 1344
1062 816 1360
1063 944 1312
1064 352 1520
1065 704 1936
1066 256 1376
1067 368 1360
1068 368 1376
1069 912 1328
1070 896 1328
1071 288 1344
1072 304 1344
1073 352 1392
1074 896 1312
1075 288 1360
1076 912 1488
1077 864 1024
1078 880 1024
1079 448 1280
1080 448 1296
1081 816 1376
1082 832 1376
1083 896 1024
1084 1824 704
1085 1008 1280
1086 1008 1040
1087 1008 1024
1088 1024 1024
1089 992 1040
1090 992 1024
1091 992 1072
1092 1152 1728
1093 1152 656
1094 336 1312
1095 1136 768
1096 896 1056
1097 880 1056
1098 896 1040
1099 1104 1920
1100 368 1328
1101 368 1344
1102 192 1216
1103 208 1216
1104 384 1376
1105 384 1392
1106 880 1040
1107 416 1296
1108 432 1296
1109 960 1056
1110 832 1088
1111 432 1312
1112 320 1328
1113 704 1952
1114 272 1376
1115 816 1088
1116 832 1024
1117 816 1024
1118 192 1248
1119 208 1248
1120 464 1536
1121 464 1552
1122 960 1552
1123 640 1328
1124 320 1488
1125 320 1504
1126 480 1552
1127 480 1568
1128 240 1280
1129 256 1280
1130 368 1520
1131 384 1520
1132 448 1392
1133 352 1408
1134 416 1888
1135 224 1216
1136 224 1232
1137 336 1296
1138 736 1280
1139 704 1296
1140 560 1376
1141 576 1376
1142 288 1440
1143 416 1280
1144 432 1280
1145 384 1360
1146 320 1472
1147 272 1744
1148 432 1344
1149 448 1344
1150 464 1344
1151 240 1184
1152 256 1184
1153 576 1408
1154 560 1392
1155 544 1376
1156 320 1344
1157 544 1536
1158 272 1760
1159 368 1472
1160 384 1472
1161 448 1568
1162 336 1328
1163 512 1408
1164 528 1408
1165 448 1888
1166 208 1232
1167 448 1376
1168 464 1568
1169 512 1392
1170 448 1312
1171 480 1536
1172 320 1376
1173 224 1248
1174 224 1264
1175 272 1728
1176 480 1408
1177 240 1168
1178 464 1408
1179 448 1408
1180 432 1888
1181 384 1488
1182 384 1504
1183 480 1344
1184 1008 1408
1185 352 1280
1186 448 1360
1187 416 1312
1188 1888 736
1189 544 1552
1190 336 1344
1191 528 1712
1192 1440 848
1193 384 1408
1194 256 1760
1195 336 1392
1196 1632 992
1197 192 1232
1198 224 1280
1199 288 1760
1200 1184 704
1201 576 1392
1202 1136 656
1203 336 1408
1204 480 1376
1205 256 1248
1206 240 1152
1207 912 1312
1208 1856 688
1209 1760 2048
1210 1792 2048
1211 1760 2016
1212 1792 2016
1213 1792 1984
1214 1760 1984
1215 1728 2048
1216 1696 2048
1217 1664 2048
1218 1536 1664
1219 1472 1696
1220 1472 1728
1221 1504 1664
1222 1472 1664
1223 1376 1664
1224 1408 1664
1225 1408 1632
1226 1376 1600
1227 1408 1600
1228 1344 1664
1229 1376 1632
1230 1344 1632
1231 1344 1600
1232 1184 1824
1233 1216 1824
1234 1152 1856
1235 1184 1856
1236 1152 1824
1237 1120 2016
1238 1152 2016
1239 1088 2048
1240 1120 2048
1241 1088 2016
1242 1216 1728
1243 1216 1696
1244 1184 1696
1245 1152 1696
1246 1152 1664
1247 1280 1632
1248 1280 1600
1249 1248 1600
1250 1280 1568
1251 1248 1568
1252 1248 1536
1253 1280 1536
1254 1184 1632
1255 1216 1600
1256 960 1376
1257 1184 1664
1258 1152 1632
1259 1184 1600
1260 1184 1568
1261 1216 1568
1262 1184 1536
1263 1216 1536
1264 1152 1568
1265 1152 1536
1266 1504 832
1267 1024 1664
1268 1056 1664
1269 1056 1632
1270 1088 1536
1271 1280 1120
1272 1280 1152
1273 1216 1152
1274 1248 1152
1275 1248 1120
1276 1216 1120
1277 1216 1088
1278 1984 992
1279 2016 992
1280 1920 960
1281 256 1792
1282 288 1792
1283 384 1600
1284 416 1600
1285 2048 800
1286 1408 576
1287 1408 608
1288 576 1312
1289 608 1312
1290 352 1664
1291 384 1664
1292 1824 640
1293 2016 1024
1294 2048 1024
1295 288 1824
1296 288 1856
1297 1216 1856
1298 896 1280
1299 800 1120
1300 832 1120
1301 128 1408
1302 128 1440
1303 1792 736
1304 832 1568
1305 864 1568
1306 1984 1024
1307 1152 1600
1308 1376 1024
1309 1408 1024
1310 2048 960
1311 2048 992
1312 480 1920
1313 512 1920
1314 768 1920
1315 1280 640
1316 2016 960
1317 288 1696
1318 1088 1632
1319 2016 928
1320 2048 928
1321 1632 1024
1322 1664 1024
1323 192 1472
1324 224 1472
1325 416 1568
1326 480 1888
1327 512 1888
1328 896 1632
1329 896 1664
1330 1600 832
1331 288 1280
1332 1088 928
1333 1088 960
1334 1728 576
1335 1696 576
1336 1696 544
1337 320 1792
1338 320 1824
1339 160 1408
1340 192 1408
1341 768 1824
1342 768 1856
1343 1600 576
1344 1632 512
1345 1568 576
1346 1440 608
1347 256 1664
1348 256 1696
1349 832 1536
1350 864 1536
1351 768 1024
1352 1024 1440
1353 768 1120
1354 1536 544
1355 1536 576
1356 832 1152
1357 864 1152
1358 352 1728
1359 384 1728
1360 416 1472
1361 1408 992
1362 1344 1024
1363 1376 992
1364 1376 896
1365 416 1536
1366 160 1440
1367 480 1856
1368 1344 768
1369 1280 896
1370 1312 768
1371 1280 1088
1372 1120 960
1373 1280 768
1374 1472 608
1375 1472 640
1376 960 1024
1377 1408 640
1378 1440 640
1379 1440 576
1380 1472 576
1381 1408 544
1382 512 1344
1383 1152 960
1384 1088 1664
1385 1152 928
1386 1120 928
1387 1120 896
1388 1088 896
1389 256 1440
1390 1216 736
1391 1216 768
1392 1216 704
1393 320 1664
1394 1024 1632
1395 384 1696
1396 448 1600
1397 320 1536
1398 224 1440
1399 480 1664
1400 736 1984
1401 288 1312
1402 928 1088
1403 928 1120
1404 1568 544
1405 832 1600
1406 864 1600
1407 1152 2048
1408 1248 1088
1409 1152 896
1410 480 1600
1411 480 1632
1412 384 1920
1413 416 1920
1414 192 1440
1415 1024 1088
1416 256 1312
1417 544 1344
1418 576 1344
1419 960 1728
1420 192 1184
1421 1792 704
1422 896 1600
1423 864 1120
1424 896 1120
1425 768 1984
1426 768 1952
1427 448 1920
1428 448 1472
1429 672 1984
1430 704 1984
1431 384 1568
1432 736 1824
1433 768 1792
1434 736 1792
1435 704 1856
1436 736 1856
1437 928 1280
1438 384 1280
1439 256 1824
1440 256 1856
1441 896 1152
1442 256 1472
1443 256 1344
1444 192 1280
1445 352 1696
1446 320 1696
1447 512 1600
1448 544 1600
1449 1024 1472
1450 2016 800
1451 448 1664
1452 128 1472
1453 352 1440
1454 384 1440
1455 288 1664
1456 928 1152
1457 960 1408
1458 832 1408
1459 448 1632
1460 960 1120
1461 224 1408
1462 800 1152
1463 768 1088
1464 416 1440
1465 448 1440
1466 896 1568
1467 768 1056
1468 608 1344
1469 416 1408
1470 608 1280
1471 768 1152
1472 320 1728
1473 320 1760
1474 576 1280
1475 512 1856
1476 640 1376
1477 1472 544
1478 1440 544
1479 320 1856
1480 960 1152
1481 256 1216
1482 1760 576
1483 160 1472
1484 288 1472
1485 1600 544
1486 1792 1920
1487 1728 1920
1488 1792 1856
1489 1728 1792
1490 1792 1792
1491 1664 1920
1492 1728 1856
1493 1664 1856
1494 1664 1792
1495 1408 1728
1496 1408 1792
1497 1344 1536
1498 1408 1536
1499 0 1600
1500 64 1600
1501 1216 1984
1502 1280 1984
1503 1216 1920
1504 1280 1920
1505 1280 1856
1506 1024 2048
1507 1280 1792
1508 128 1536
1509 192 1536
1510 1024 1152
1511 1152 1152
1512 1088 1088
1513 1152 1088
1514 1088 1152
1515 1024 896
1516 1024 960
1517 384 1792
1518 128 1600
1519 1920 1024
1520 768 1728
1521 1792 960
1522 1792 1024
1523 1728 1024
1524 1728 960
1525 512 1280
1526 0 1792
1527 64 1792
1528 1408 704
1529 1152 1024
1530 1472 704
1531 64 1664
1532 128 1664
1533 896 1792
1534 0 1664
1535 384 1216
1536 1088 1024
1537 1216 1024
1538 1280 704
1539 1472 1792
1540 1536 1792
1541 1280 2048
1542 448 1792
1543 128 1280
1544 896 1728
1545 1024 768
1546 704 2048
1547 768 2048
1548 640 2048
1549 704 1216
1550 128 1344
1551 832 1216
1552 896 1216
1553 768 1216
1554 1152 640
1555 512 1472
1556 512 1792
1557 320 1152
1558 0 1728
1559 64 1536
1560 832 1472
1561 384 1088
1562 448 1088
1563 256 1536
1564 192 1344
1565 640 1216
1566 832 1280
1567 256 1920
1568 768 1280
1569 384 1152
1570 448 1152
1571 320 1216
1572 640 1152
1573 640 1408
1574 512 1088
1575 512 1152
1576 704 1152
1577 320 1920
1578 128 1792
1579 384 1024
1580 128 1216
1581 128 1728
1582 64 1728
1583 64 1280
1584 1216 2048
1585 448 1024
1586 512 1024
1587 0 1536
1588 1536 1920
1589 1536 2048
1590 1792 1536
1591 1792 1664
1592 1664 1664
1593 1536 1536
1594 1664 1536
1595 1152 1280
1596 1280 1280
1597 384 2048
1598 512 2048
1599 896 1920
1600 896 2048
1601 640 1024
1602 0 1920
1603 0 1408
1604 128 2048
1605 256 2048
1606 128 1920
1607 0 2048
1608 256 1024
1609 0 1280
1610 2048 2048
1611 2048 1792
1612 1536 1280
1613 2048 1536
