0 2048 256 2048
768 1024 768 1280
512 1280 768 1280
512 1024 512 768
512 1024 768 1024
512 1024 512 1280
0 1792 0 2048
2048 1536 2048 2048
512 512 512 256
512 512 512 768
256 512 512 512
0 1536 0 1024
0 1536 0 1792
256 1792 256 2048
256 1792 0 1792
256 1536 0 1536
256 1536 256 1792
768 1536 768 1280
640 1536 768 1536
768 512 512 512
896 1536 768 1536
512 1536 256 1536
512 1536 512 1280
512 1536 640 1536
768 640 768 512
512 2048 256 2048
768 768 768 1024
768 768 512 768
768 768 768 640
768 2048 896 2048
896 1920 896 2048
768 1920 768 2048
768 1920 896 1920
768 1792 768 1920
768 1664 768 1536
768 1664 768 1792
512 1920 512 2048
640 2048 768 2048
640 2048 512 2048
640 1920 768 1920
640 1920 512 1920
640 1920 640 2048
896 512 768 512
896 768 768 768
896 704 960 704
896 704 896 768
512 1792 256 1792
512 1792 512 1920
896 1664 896 1536
896 1664 768 1664
640 1664 640 1536
640 1664 768 1664
576 1664 640 1664
896 1792 896 1920
896 1792 768 1792
896 1792 960 1792
896 1728 896 1664
896 1728 896 1792
640 1792 640 1920
640 1792 768 1792
640 1728 640 1664
640 1728 640 1792
1024 512 1088 512
1024 512 1024 448
960 512 896 512
960 512 1024 512
576 1792 512 1792
576 1792 640 1792
576 1728 576 1664
576 1728 640 1728
576 1728 576 1792
512 1728 576 1728
512 1728 512 1792
512 1664 512 1536
512 1664 576 1664
512 1664 512 1728
960 1728 896 1728
960 1728 960 1792
960 1664 896 1664
960 1664 960 1728
1408 2048 1280 2048
1792 1408 1792 1344
1024 2048 896 2048
1536 1728 1536 1664
992 608 1024 608
896 640 768 640
896 640 896 704
1024 1280 768 1280
1024 1280 1024 1344
896 608 896 640
1216 1408 1216 1344
928 608 896 608
1408 1280 1408 1312
1472 2048 1408 2048
1024 1056 1056 1056
2048 1216 2048 1152
1664 1472 1664 1536
1024 1088 1024 1056
1024 1120 1024 1088
1024 1536 896 1536
1056 1216 1024 1216
1088 1216 1088 1152
1088 1216 1056 1216
1024 1504 1024 1536
1280 1440 1312 1440
1088 1248 1088 1216
1216 1856 1184 1856
1056 1280 1024 1280
1152 1024 1152 1056
1184 1024 1152 1024
1184 1120 1152 1120
1472 2016 1472 2048
1280 1088 1344 1088
1280 1088 1280 1056
1280 1088 1280 1120
1248 1120 1280 1120
1216 1120 1184 1120
1216 1120 1248 1120
896 576 896 512
896 576 896 608
1248 1152 1248 1120
1184 1152 1184 1120
1152 1216 1088 1216
1280 1984 1280 2048
1216 1152 1216 1120
1216 1152 1184 1152
1216 1152 1248 1152
1184 1184 1184 1152
1184 1216 1152 1216
1184 1216 1184 1184
1248 1088 1280 1088
1248 1088 1248 1120
1152 1248 1152 1216
1152 1248 1152 1280
1184 1248 1152 1248
1184 1248 1184 1216
1216 1248 1184 1248
1248 1184 1248 1152
1216 1184 1216 1152
1216 1184 1184 1184
1216 1184 1248 1184
1216 1216 1184 1216
1216 1216 1216 1184
1216 1216 1216 1248
1280 1152 1280 1120
1280 1152 1344 1152
1280 1152 1248 1152
1280 1184 1248 1184
1280 1184 1280 1152
1088 1280 1088 1312
1088 1280 1088 1248
1088 1280 1056 1280
1120 1280 1152 1280
1120 1280 1088 1280
1120 1312 1088 1312
1120 1312 1120 1280
1152 1312 1152 1280
1152 1312 1120 1312
1088 1344 1024 1344
1088 1344 1088 1312
1088 1376 1088 1344
1024 1408 1024 1344
1056 1408 1024 1408
928 640 896 640
928 640 928 608
1024 1440 1024 1408
1024 1472 1024 1504
1024 1472 1024 1440
1280 1216 1280 1184
1248 1216 1248 1184
1248 1216 1216 1216
1248 1216 1280 1216
1056 1440 1056 1408
1056 1440 1024 1440
1056 1440 1088 1440
1056 1472 1056 1440
1056 1472 1024 1472
1056 1536 1024 1536
1088 1472 1056 1472
1088 1472 1088 1440
1056 1504 1024 1504
1056 1504 1056 1472
1056 1504 1056 1536
1184 1408 1216 1408
1088 1120 1088 1152
1184 1440 1184 1408
1152 1472 1088 1472
1216 1440 1216 1408
1216 1440 1184 1440
1184 1472 1184 1440
1184 1472 1152 1472
1184 1504 1184 1472
1152 1504 1152 1472
1152 1504 1184 1504
1216 1472 1184 1472
1216 1472 1216 1440
1216 1472 1248 1472
1216 1504 1184 1504
1216 1504 1216 1472
1248 1504 1248 1472
1248 1504 1216 1504
1120 1152 1088 1152
1120 1120 1152 1120
1120 1120 1088 1120
1120 1120 1120 1088
1120 1120 1120 1152
1504 1728 1536 1728
1216 1536 1216 1504
1344 1664 1376 1664
1344 1664 1312 1664
1120 1376 1088 1376
1120 1344 1088 1344
1120 1344 1120 1312
1120 1344 1120 1376
1216 1024 1184 1024
1024 1024 1024 768
1024 1024 768 1024
1024 1024 1024 1056
960 608 992 608
960 608 928 608
1056 1248 1056 1216
1056 1248 1056 1280
1056 1248 1088 1248
1024 1248 1024 1280
1024 1248 1024 1216
1024 1248 1056 1248
1248 1056 1280 1056
1248 1056 1248 1088
1248 1024 1216 1024
1248 1024 1248 1056
1504 1216 1472 1216
1120 1408 1120 1376
1088 1408 1056 1408
1088 1408 1088 1440
1088 1408 1088 1376
1088 1408 1120 1408
1280 1280 1280 1216
1280 1312 1280 1280
1152 1088 1152 1056
1152 1088 1120 1088
1152 1088 1152 1120
1312 1280 1280 1280
1056 1152 1088 1152
1024 1152 1024 1216
1024 1152 1024 1120
1024 1152 1056 1152
1600 1216 1568 1216
1600 1216 1600 1248
1312 1408 1312 1440
1280 1408 1216 1408
1280 1408 1280 1440
1280 1408 1280 1376
1280 1408 1312 1408
1376 1280 1408 1280
1376 1312 1408 1312
1376 1312 1376 1280
1376 1344 1376 1312
1344 1344 1376 1344
1344 1376 1344 1344
992 640 1024 640
992 640 992 608
960 640 960 704
960 640 960 608
960 640 928 640
960 640 992 640
1408 1344 1408 1312
1408 1344 1376 1344
1376 1376 1376 1344
1376 1376 1344 1376
1376 1408 1376 1376
1344 1408 1312 1408
1344 1408 1344 1376
1344 1408 1376 1408
1344 1440 1312 1440
1344 1440 1344 1408
1312 1472 1312 1440
1312 1504 1312 1472
1312 1504 1312 1536
1152 1440 1152 1472
1152 1440 1184 1440
1152 1408 1184 1408
1152 1408 1120 1408
1152 1408 1152 1440
1344 1536 1312 1536
1408 1408 1376 1408
1376 1440 1344 1440
1376 1440 1376 1408
1376 1440 1376 1472
1376 1504 1376 1472
1408 1504 1376 1504
1408 1536 1408 1504
1376 1536 1344 1536
1376 1536 1376 1504
1376 1536 1408 1536
1440 1344 1408 1344
1440 1312 1408 1312
1440 1312 1440 1280
1440 1312 1440 1344
1408 1376 1408 1344
1408 1376 1376 1376
1408 1376 1408 1408
1088 1088 1088 1120
1088 1088 1120 1088
1088 1056 1056 1056
1088 1056 1088 1088
1472 1344 1440 1344
1440 1376 1440 1344
1440 1376 1408 1376
1440 1408 1440 1376
1440 1408 1408 1408
1440 1408 1472 1408
1152 1184 1184 1184
1152 1184 1152 1216
1152 1152 1152 1120
1152 1152 1120 1152
1152 1152 1184 1152
1152 1152 1152 1184
1472 1280 1472 1216
1472 1280 1440 1280
1472 1312 1472 1344
1472 1312 1440 1312
1472 1312 1472 1280
1504 1344 1472 1344
1504 1312 1536 1312
1504 1312 1472 1312
1504 1312 1504 1344
1504 1408 1472 1408
1472 1472 1504 1472
1472 1472 1472 1408
1472 1472 1472 1504
1504 1504 1472 1504
1504 1504 1504 1472
1312 1312 1280 1312
1312 1312 1312 1280
1472 1536 1408 1536
1472 1536 1472 1504
1536 1472 1504 1472
1536 1504 1504 1504
1536 1504 1536 1472
1536 1536 1536 1664
1536 1536 1664 1536
1536 1536 1536 1504
1504 1536 1472 1536
1504 1536 1504 1504
1504 1536 1536 1536
1024 1600 1024 1536
1024 1600 1024 1632
1056 1632 1024 1632
1056 1600 1024 1600
1056 1600 1056 1632
1088 1600 1056 1600
1088 1568 1088 1600
1120 1568 1120 1536
1120 1568 1088 1568
1152 1536 1120 1536
1152 1536 1152 1504
1120 1600 1088 1600
1120 1600 1120 1568
1120 1632 1120 1600
1120 1664 1120 1632
1152 1856 1120 1856
1152 1856 1184 1856
1504 1184 1504 1216
1504 1184 1536 1184
1024 1728 960 1728
1024 1728 1024 1696
1024 1728 1056 1728
1056 1696 1056 1728
1056 1696 1024 1696
1088 1728 1056 1728
1088 1696 1056 1696
1088 1696 1088 1728
1088 1760 1088 1728
1184 1888 1184 1856
1120 1728 1088 1728
1120 1760 1120 1728
1120 1760 1088 1760
1344 1312 1344 1344
1344 1312 1312 1312
1344 1312 1376 1312
1344 1280 1312 1280
1344 1280 1376 1280
1344 1280 1344 1312
1184 1536 1152 1536
1184 1536 1184 1504
1184 1536 1216 1536
1792 1536 2048 1536
1152 1568 1120 1568
1152 1568 1152 1536
1152 1600 1120 1600
1152 1600 1152 1568
1184 1568 1184 1536
1184 1568 1152 1568
1184 1600 1184 1568
1184 1600 1152 1600
1280 1504 1248 1504
1280 1504 1312 1504
1280 1472 1312 1472
1280 1472 1280 1440
1280 1472 1248 1472
1280 1472 1280 1504
1248 1536 1248 1504
1248 1536 1216 1536
1216 1568 1216 1536
1216 1568 1184 1568
1280 1536 1280 1504
1280 1536 1248 1536
1280 1536 1312 1536
1248 1568 1248 1536
1248 1568 1216 1568
1280 1568 1280 1536
1280 1568 1248 1568
1216 1600 1216 1568
1216 1600 1184 1600
1248 1600 1248 1568
1248 1600 1216 1600
1216 1632 1216 1600
1248 1632 1248 1600
1248 1632 1216 1632
1216 1664 1184 1664
1216 1664 1216 1632
1280 1632 1248 1632
1280 1600 1248 1600
1280 1600 1280 1568
1280 1600 1280 1632
1216 1824 1216 1856
1184 1696 1184 1664
1184 1728 1184 1696
1152 1728 1120 1728
1152 1728 1184 1728
1216 1728 1184 1728
1120 1056 1120 1088
1120 1056 1152 1056
1120 1056 1088 1056
1120 1024 1152 1024
1120 1024 1120 1056
1152 1760 1152 1728
1152 1760 1120 1760
1152 1792 1152 1760
1184 1760 1184 1728
1184 1760 1152 1760
1216 1792 1216 1824
1216 1696 1184 1696
1216 1696 1216 1664
1216 1696 1216 1728
1248 1728 1216 1728
1024 1664 960 1664
1024 1664 1024 1632
1024 1664 1024 1696
1056 1120 1088 1120
1056 1120 1024 1120
1056 1120 1056 1152
1056 1088 1056 1056
1056 1088 1024 1088
1056 1088 1088 1088
1056 1088 1056 1120
1216 1760 1216 1728
1216 1760 1184 1760
1216 1760 1216 1792
1536 1216 1568 1216
1536 1216 1536 1184
1536 1216 1504 1216
1248 1760 1248 1728
1248 1760 1216 1760
1248 1760 1280 1760
1056 1664 1056 1696
1056 1664 1056 1632
1056 1664 1024 1664
1056 1792 1056 1824
1152 1376 1152 1408
1152 1376 1120 1376
1152 1344 1216 1344
1152 1344 1152 1312
1152 1344 1120 1344
1152 1344 1152 1376
1088 1536 1120 1536
1088 1536 1056 1536
1088 1536 1088 1568
1088 1504 1056 1504
1088 1504 1088 1472
1088 1504 1088 1536
1088 1824 1056 1824
1248 1792 1216 1792
1248 1792 1248 1760
1568 1248 1568 1216
1568 1248 1600 1248
1056 1856 1056 1824
1056 1856 1024 1856
1024 1888 1024 1856
1056 1888 1024 1888
1056 1888 1056 1856
1056 1920 1056 1952
1056 1920 1056 1888
1088 1888 1056 1888
1088 1856 1088 1824
1088 1856 1056 1856
1088 1856 1120 1856
1088 1856 1088 1888
1152 1696 1152 1728
1152 1696 1184 1696
1152 1824 1152 1792
1152 1824 1152 1856
1120 1824 1120 1856
1120 1824 1088 1824
1120 1824 1152 1824
1024 1920 896 1920
1024 1920 1024 1888
1024 1920 1056 1920
1024 1952 1056 1952
1024 1952 1024 1920
1120 1792 1152 1792
1120 1792 1120 1760
1120 1792 1120 1824
1088 1792 1088 1760
1088 1792 1056 1792
1088 1792 1088 1824
1088 1792 1120 1792
1088 1952 1056 1952
960 576 960 512
960 576 960 608
928 576 928 608
928 576 896 576
928 576 960 576
1056 1984 1056 1952
1024 1984 1024 1952
1024 1984 1056 1984
1024 2016 1024 2048
1024 2016 1024 1984
1056 2016 1056 1984
1056 2016 1024 2016
1056 2016 1088 2016
1280 1728 1280 1760
1280 1728 1312 1728
1280 1728 1248 1728
1088 2048 1088 2016
1056 2048 1024 2048
1056 2048 1056 2016
1056 2048 1088 2048
1088 1920 1056 1920
1088 1920 1088 1952
1088 1920 1088 1888
1088 1920 1120 1920
1408 1792 1344 1792
1120 1952 1120 1920
1120 1952 1088 1952
1344 1504 1312 1504
1344 1504 1344 1536
1344 1504 1376 1504
1344 1472 1376 1472
1344 1472 1312 1472
1344 1472 1344 1440
1344 1472 1344 1504
1088 1984 1088 1952
1088 1984 1088 2016
1088 1984 1056 1984
1472 1984 1472 2016
1472 1984 1504 1984
1120 1984 1120 1952
1120 1984 1088 1984
1120 2016 1088 2016
1120 2016 1120 1984
1312 1376 1280 1376
1312 1376 1312 1408
1312 1376 1344 1376
1152 1984 1120 1984
1120 2048 1088 2048
1120 2048 1120 2016
1024 576 1024 512
1024 576 1024 608
992 576 992 608
992 576 960 576
992 576 1024 576
1536 1152 1536 1184
1184 1824 1184 1856
1184 1824 1152 1824
1184 1824 1216 1824
1184 1792 1184 1760
1184 1792 1152 1792
1184 1792 1216 1792
1184 1792 1184 1824
1408 1760 1408 1792
1152 1888 1184 1888
1152 1888 1152 1856
1408 1472 1472 1472
1408 1472 1408 1504
1408 1472 1376 1472
1408 1440 1408 1408
1408 1440 1376 1440
1408 1440 1408 1472
1152 1920 1120 1920
1152 1920 1152 1888
1280 1664 1312 1664
1280 1664 1280 1632
1216 1280 1280 1280
1216 1280 1216 1344
1216 1280 1216 1248
1184 1280 1152 1280
1184 1280 1184 1248
1184 1280 1216 1280
1248 1824 1216 1824
1248 1824 1248 1792
1280 1792 1344 1792
1280 1792 1280 1760
1280 1792 1248 1792
1152 2016 1120 2016
1152 2016 1152 1984
1280 1824 1248 1824
1280 1824 1280 1792
1504 1376 1536 1376
1504 1376 1504 1408
1504 1376 1504 1344
1472 1376 1472 1344
1472 1376 1440 1376
1472 1376 1472 1408
1472 1376 1504 1376
1536 1984 1504 1984
1248 1856 1216 1856
1248 1856 1248 1824
1216 1888 1184 1888
1216 1888 1216 1856
1504 1760 1504 1792
1504 1760 1504 1728
1312 1344 1344 1344
1312 1344 1312 1312
1312 1344 1312 1376
1280 1344 1216 1344
1280 1344 1280 1376
1280 1344 1280 1312
1280 1344 1312 1344
1280 1856 1280 1824
1280 1856 1248 1856
1248 1888 1248 1856
1248 1888 1216 1888
1248 1888 1248 1920
1280 1888 1280 1856
1280 1888 1248 1888
1184 1920 1184 1888
1184 1920 1152 1920
1152 1664 1120 1664
1152 1664 1184 1664
1152 1664 1152 1696
1152 1632 1152 1600
1152 1632 1120 1632
1152 1632 1152 1664
1152 1952 1152 1984
1152 1952 1120 1952
1152 1952 1152 1920
1216 1920 1184 1920
1216 1920 1248 1920
1216 1920 1216 1888
1184 1952 1184 1920
1184 1952 1152 1952
1184 1984 1152 1984
1184 1984 1184 1952
1184 2016 1152 2016
1184 2016 1184 1984
1184 2048 1184 2016
1152 2048 1152 2016
1152 2048 1120 2048
1152 2048 1184 2048
1216 2048 1280 2048
1216 2048 1184 2048
1216 2016 1184 2016
1216 2016 1216 2048
1248 1984 1280 1984
1440 1984 1472 1984
1504 1280 1504 1312
1504 1280 1472 1280
1248 1952 1248 1920
1248 1952 1248 1984
1312 1696 1312 1728
1312 1696 1312 1664
1280 1696 1280 1728
1280 1696 1280 1664
1280 1696 1312 1696
1344 1696 1312 1696
1344 1696 1344 1664
1344 1728 1344 1792
1344 1728 1312 1728
1344 1728 1344 1696
1344 1728 1376 1728
1504 1952 1504 1984
1376 1696 1376 1664
1376 1696 1376 1728
1376 1696 1344 1696
1216 1088 1216 1120
1216 1088 1248 1088
1216 1056 1248 1056
1216 1056 1216 1024
1216 1056 1216 1088
1408 1728 1376 1728
1408 1728 1408 1760
1408 1696 1376 1696
1408 1696 1408 1728
1408 1664 1408 1536
1408 1664 1376 1664
1408 1664 1408 1696
1440 1696 1408 1696
1440 1664 1408 1664
1440 1664 1440 1696
1472 1696 1440 1696
1472 1664 1536 1664
1472 1664 1440 1664
1472 1664 1472 1696
1440 1728 1408 1728
1440 1728 1440 1696
1440 1760 1440 1728
1440 1760 1408 1760
1472 1728 1504 1728
1472 1728 1472 1696
1472 1728 1440 1728
1472 1760 1440 1760
1472 1760 1504 1760
1472 1760 1472 1728
1472 1792 1504 1792
1472 1792 1472 1760
1440 1792 1408 1792
1440 1792 1440 1760
1440 1792 1472 1792
1536 1792 1536 1856
1536 1792 1504 1792
1536 1760 1536 1728
1536 1760 1504 1760
1536 1760 1536 1792
1408 1888 1440 1888
1408 1856 1408 1792
1408 1856 1408 1888
1440 1920 1440 1888
1408 1920 1408 1888
1408 1920 1440 1920
1440 1856 1440 1888
1440 1856 1408 1856
1472 1856 1472 1792
1472 1856 1536 1856
1472 1856 1440 1856
1472 1920 1440 1920
1472 1888 1440 1888
1472 1888 1472 1856
1472 1888 1472 1920
1248 1696 1280 1696
1248 1696 1216 1696
1248 1696 1248 1728
1248 1664 1216 1664
1248 1664 1280 1664
1248 1664 1248 1632
1248 1664 1248 1696
1408 1984 1408 2048
1408 1984 1440 1984
1408 1952 1408 1920
1408 1952 1408 1984
1472 1952 1472 1920
1472 1952 1504 1952
1472 1952 1472 1984
1440 1952 1408 1952
1440 1952 1440 1984
1440 1952 1440 1920
1440 1952 1472 1952
1504 1920 1472 1920
1504 1920 1504 1952
1184 1088 1216 1088
1184 1088 1184 1120
1184 1088 1152 1088
1184 1056 1184 1024
1184 1056 1216 1056
1184 1056 1152 1056
1184 1056 1184 1088
1536 1952 1504 1952
1536 1952 1536 1984
1536 1920 1536 1856
1536 1920 1504 1920
1536 1920 1536 1952
1536 2016 1536 1984
1504 2016 1504 1984
1504 2016 1472 2016
1504 2016 1536 2016
1536 2048 2048 2048
1536 2048 1536 2016
1504 2048 1472 2048
1504 2048 1504 2016
1504 2048 1536 2048
1568 1152 1568 1120
1568 1152 1536 1152
1088 1664 1088 1696
1088 1664 1120 1664
1088 1664 1056 1664
1088 1632 1056 1632
1088 1632 1120 1632
1088 1632 1088 1600
1088 1632 1088 1664
1024 1824 1024 1856
1024 1824 1056 1824
1024 1792 960 1792
1024 1792 1024 1728
1024 1792 1056 1792
1024 1792 1024 1824
1536 1280 1536 1312
1536 1280 1504 1280
1536 1248 1568 1248
1536 1248 1536 1216
1536 1248 1536 1280
1568 1280 1568 1248
1568 1280 1536 1280
1600 1184 1600 1216
1600 1152 1632 1152
1600 1152 1568 1152
1600 1152 1600 1120
1600 1152 1600 1184
1632 1216 1600 1216
1632 1184 1632 1152
1632 1184 1600 1184
1632 1184 1632 1216
1664 1152 1632 1152
1088 1024 1120 1024
1088 1024 1088 1056
1056 1024 1024 1024
1056 1024 1056 1056
1056 1024 1088 1024
1664 1216 1632 1216
1280 1952 1280 1984
1280 1952 1248 1952
1280 1920 1408 1920
1280 1920 1248 1920
1280 1920 1280 1888
1280 1920 1280 1952
1664 1120 1664 1088
1664 1120 1664 1152
1696 1152 1664 1152
1696 1120 1696 1088
1696 1120 1664 1120
1696 1120 1696 1152
1728 1152 1760 1152
1728 1152 1696 1152
1728 1120 1696 1120
1728 1120 1728 1088
1728 1120 1728 1152
1216 1984 1216 2016
1216 1984 1184 1984
1216 1984 1248 1984
1216 1952 1216 1920
1216 1952 1184 1952
1216 1952 1248 1952
1216 1952 1216 1984
1792 1120 1792 1088
1760 1120 1760 1088
1760 1120 1760 1152
1760 1120 1728 1120
1760 1120 1792 1120
1664 1184 1632 1184
1664 1184 1664 1152
1664 1184 1664 1216
1696 1184 1696 1152
1696 1184 1664 1184
1696 1216 1664 1216
1696 1216 1696 1184
1664 1248 1664 1216
1696 1280 1728 1280
1664 1280 1664 1248
1664 1280 1696 1280
1728 1216 1696 1216
1728 1248 1728 1280
1728 1248 1728 1216
1696 1248 1696 1280
1696 1248 1664 1248
1696 1248 1696 1216
1696 1248 1728 1248
1728 1184 1728 1152
1728 1184 1728 1216
1728 1184 1696 1184
1792 1152 1760 1152
1792 1152 1792 1120
1792 1184 1792 1152
1760 1184 1760 1152
1760 1184 1728 1184
1760 1184 1792 1184
1760 1216 1728 1216
1760 1216 1760 1184
1760 1248 1728 1248
1760 1248 1760 1216
1760 1248 1792 1248
1792 1216 1792 1184
1792 1216 1760 1216
1792 1216 1792 1248
1792 1280 1792 1248
1792 1280 1792 1344
1792 1280 1824 1280
1760 1280 1760 1248
1760 1280 1728 1280
1760 1280 1792 1280
1536 1344 1504 1344
1536 1344 1536 1312
1536 1344 1536 1376
1568 1344 1536 1344
1536 1408 1536 1472
1536 1408 1536 1376
1536 1408 1504 1408
1568 1376 1536 1376
1568 1376 1568 1344
1600 1376 1568 1376
1600 1408 1600 1376
1568 1408 1568 1376
1568 1408 1536 1408
1568 1408 1600 1408
1632 1280 1664 1280
1600 1280 1600 1248
1600 1280 1568 1280
1600 1280 1632 1280
1600 1312 1600 1280
1600 1344 1568 1344
1600 1344 1600 1376
1600 1344 1600 1312
1632 1312 1632 1280
1632 1312 1600 1312
1664 1312 1664 1280
1664 1312 1632 1312
1632 1344 1632 1312
1632 1344 1600 1344
1632 1376 1600 1376
1632 1376 1632 1344
1632 1408 1600 1408
1632 1408 1632 1376
1664 1344 1632 1344
1664 1344 1664 1312
1664 1376 1664 1344
1664 1376 1632 1376
1696 1344 1664 1344
1728 1344 1728 1280
1728 1344 1792 1344
1728 1344 1696 1344
1728 1376 1728 1344
1696 1376 1696 1344
1696 1376 1664 1376
1696 1376 1728 1376
1664 1408 1664 1376
1664 1408 1632 1408
1696 1408 1664 1408
1696 1408 1696 1376
1664 1440 1664 1472
1664 1440 1664 1408
1728 1408 1792 1408
1728 1408 1728 1376
1728 1408 1696 1408
1696 1440 1696 1408
1696 1440 1664 1440
1728 1440 1728 1408
1728 1440 1696 1440
1696 1472 1664 1472
1696 1472 1696 1440
1728 1472 1728 1440
1728 1472 1696 1472
1728 1472 1760 1472
1728 1504 1728 1472
1760 1536 1792 1536
1728 1536 1728 1504
1728 1536 1664 1536
1728 1536 1760 1536
1792 1472 1792 1408
1792 1472 1760 1472
1792 1504 1792 1536
1792 1504 1792 1472
1760 1504 1760 1536
1760 1504 1760 1472
1760 1504 1728 1504
1760 1504 1792 1504
1824 1120 1824 1088
1824 1120 1792 1120
1856 1120 1824 1120
1856 1120 1856 1088
1824 1152 1792 1152
1824 1152 1824 1120
1888 1120 1856 1120
1856 1152 1856 1120
1856 1152 1824 1152
1920 1152 1920 1120
1888 1152 1888 1120
1888 1152 1856 1152
1888 1152 1920 1152
1824 1184 1792 1184
1824 1184 1824 1152
1824 1216 1824 1184
1824 1216 1792 1216
1824 1248 1792 1248
1824 1248 1824 1280
1824 1248 1824 1216
1888 1184 1888 1152
1856 1184 1856 1152
1856 1184 1824 1184
1856 1184 1888 1184
1856 1216 1856 1184
1856 1216 1824 1216
1888 1216 1888 1184
1888 1216 1856 1216
1856 1248 1856 1216
1856 1248 1824 1248
1856 1280 1856 1248
1856 1280 1824 1280
1856 1280 1888 1280
1920 1216 1888 1216
1888 1248 1888 1280
1888 1248 1888 1216
1888 1248 1856 1248
1952 1152 1920 1152
1920 1184 1888 1184
1920 1184 1920 1152
1920 1184 1920 1216
1952 1184 1952 1152
1952 1184 1920 1184
1952 1184 1984 1184
1952 1216 1920 1216
1952 1216 1952 1184
1920 1248 1920 1216
1920 1248 1888 1248
1920 1280 1888 1280
1920 1280 1920 1248
1984 1216 1984 1184
1984 1216 1952 1216
1952 1248 1952 1216
1952 1248 1920 1248
1952 1280 1952 1248
1952 1280 1920 1280
2016 1216 1984 1216
2016 1216 2048 1216
1984 1248 1984 1216
1984 1248 1952 1248
1984 1280 1984 1248
1984 1280 1952 1280
2048 1248 2048 1216
2016 1248 2016 1216
2016 1248 1984 1248
2016 1248 2048 1248
2048 1280 2048 1536
2048 1280 2048 1248
2016 1280 2016 1248
2016 1280 1984 1280
2016 1280 2048 1280
