146 172 256
127 148 64
126 156 128
125 144 64
121 125 64
121 128 64
120 173 128
118 129 64
117 118 64
116 131 64
114 134 64
113 135 64
113 136 64
113 114 64
112 132 64
112 116 64
110 169 128
110 111 64
109 110 64
109 112 64
108 116 64
108 109 64
107 143 64
106 140 64
106 107 64
104 111 64
104 109 64
104 105 64
103 104 64
103 108 64
102 173 128
102 111 64
102 105 64
101 105 64
101 103 64
100 120 128
100 162 128
99 102 64
99 100 64
98 115 64
98 133 64
75 144 64
75 146 64
74 138 64
74 122 64
74 84 64
72 126 64
72 78 64
66 98 64
66 85 64
66 76 64
63 142 64
61 136 64
61 62 64
60 124 64
59 76 64
59 91 64
59 86 64
58 107 64
58 66 64
58 149 64
58 59 64
57 156 128
57 134 128
57 73 64
97 120 64
56 137 64
56 57 64
96 126 128
96 97 64
55 68 64
95 124 64
54 141 64
54 139 64
54 137 64
94 112 64
94 110 64
53 130 64
53 56 64
53 64 64
53 54 64
93 170 128
93 168 128
93 132 64
93 94 64
52 97 64
52 83 64
52 67 64
92 163 128
170 172 128
170 171 128
51 92 64
51 96 64
51 52 64
91 107 64
91 123 64
50 95 64
50 68 64
90 106 64
90 91 64
49 153 64
49 100 64
89 162 128
89 165 128
169 173 128
48 105 64
48 99 64
48 87 64
48 49 64
83 120 64
83 89 64
82 157 128
82 118 64
163 175 128
163 165 128
163 164 128
81 145 64
81 117 64
81 82 64
39 69 64
39 125 64
39 98 64
80 127 64
80 88 64
38 115 64
38 121 64
38 39 64
79 86 64
79 135 64
79 80 64
160 162 128
160 161 128
159 174 128
159 160 128
36 119 64
78 92 128
78 150 64
158 162 128
158 165 128
158 159 128
35 42 64
35 41 64
35 40 64
154 176 256
154 155 128
32 95 64
153 160 128
31 145 128
31 124 64
31 32 64
73 137 64
73 74 64
30 130 64
30 80 64
30 64 64
29 127 64
29 30 64
28 63 64
28 44 64
28 43 64
27 42 64
27 28 64
71 84 64
71 77 64
71 122 64
71 72 64
26 155 128
26 119 64
25 142 64
25 60 64
24 95 64
24 60 64
143 149 64
23 63 64
23 25 64
23 24 64
142 159 256
22 37 64
22 34 64
21 22 64
21 68 64
70 136 64
70 125 64
140 177 256
140 143 64
20 24 64
20 50 64
20 21 64
69 133 64
69 113 64
69 70 64
19 26 128
19 32 64
19 50 64
16 82 128
16 119 64
16 31 128
16 17 64
15 36 64
14 157 128
14 17 64
14 15 64
13 154 128
13 15 64
134 136 64
12 36 64
12 26 64
12 13 64
133 135 64
11 55 64
11 21 64
11 37 64
10 55 64
67 92 64
67 89 64
9 11 64
9 10 64
88 135 64
88 114 64
168 172 128
168 169 128
47 62 64
47 75 64
8 169 256
8 156 128
8 62 64
87 101 64
46 70 64
46 144 64
46 61 64
46 47 64
131 132 64
7 61 64
7 134 64
7 8 64
84 126 64
165 167 128
42 45 64
42 43 64
128 144 64
128 146 64
3 10 64
3 4 64
137 138 64
17 36 64
76 79 64
76 133 64
33 152 64
33 43 64
33 35 64
33 34 64
1 43 64
1 34 64
1 63 64
1 2 64
86 123 64
86 127 64
44 151 64
44 142 64
5 55 64
5 18 64
5 155 128
5 6 64
6 10 64
138 141 64
18 68 64
18 19 64
77 78 64
157 166 128
34 147 64
64 88 64
2 20 64
2 23 64
2 22 64
85 149 64
85 115 64
4 6 64
4 65 64
