
T_max: 300
N_job: 1000
N_worker: 10
  152 325521771196
  215 325572782361
  511 325701935606
  604 325944001566
 1057 325952990070
 1059 327398115453
 1526 328097190475
 1610 328199081379
 2303 328400944061
 4346 328583063028
 4475 329293528972
 4979 329447904913
 5939 329497331860
 6028 329807167480
 6729 330057188786
 6815 330280638268
 8382 330503995248
10290 330659663812
break loop is 10359
4800.0240000000ms
score: 330659663812
ret_score: 330659724471
log_score: 11.5193812995
T_max: 1000
N_job: 500
N_worker: 5
    8 536242294299
  255 538053569567
  287 538068336166
  377 539204494684
  441 540098886347
  482 540304803823
  880 541494493071
 2624 541944254371
 3183 542209038513
 3631 542252047155
 3796 542924719575
 4220 542964925310
 4568 543290613702
 4739 543696018477
 5292 544998113788
 5305 545601548792
 5674 548037228326
 5826 548626127862
 8119 549216629441
break loop is 8308
4800.1640000000ms
score: 549216629441
ret_score: 549216723769
log_score: 11.7397437531
T_max: 1000
N_job: 502
N_worker: 10
    7 672610468794
   56 672975181240
   59 674510460848
   76 674686094126
  123 674758128681
  126 675020297493
  298 675623357754
  408 675659319759
  466 676686544230
  536 678719159383
  847 679409295028
  887 679682609746
  936 679697815670
  990 680172308516
 1046 684545875159
 1619 684830194729
 1742 684926026547
 1907 685873994058
 2133 685887609552
 2138 686353277890
 2629 687173443342
 2664 687967736663
 2772 688180637278
 2834 688415437582
break loop is 2996
4800.3800000000ms
score: 688415437582
ret_score: 688415569622
log_score: 11.8378506840
T_max: 1000
N_job: 250
N_worker: 10
   13 363487668827
   20 363807219039
   91 364399724142
  131 364652387300
  140 365681487677
  179 367886022192
  214 368748480422
  241 369042138299
  395 369117308988
  448 369233477098
  531 369403176224
  547 369575024766
  556 369915475892
  583 370282968131
  684 370982353454
  803 371058561308
  963 371591111290
 1034 371864513167
 1073 372167773399
 1075 373073331024
 1124 375655334642
 1200 376029008397
 1218 376174092758
 1334 376912032733
 1425 377470104076
 1500 377770412056
 1571 378406444859
 1593 379345763563
 1670 379360078068
 1734 379576908410
 1766 379651374317
 1785 379987304848
 1821 380316032282
 1894 380501683160
 1974 381377300182
 2081 382004042580
 2084 382960967551
 2134 382963453187
 2346 383027375413
 2474 383539501060
 2638 385061404764
 2642 386661411734
 2740 387026165567
 2764 387118190770
 3048 387533860799
 3134 387903412331
 3149 388561775561
 3182 389255474328
 3248 389591092391
 3481 390003528060
 3583 390190699896
 3613 390535291588
 3624 390865770428
 3680 391120930865
 3758 392739387036
 3811 393085659858
 3894 393201679564
 4092 393418662309
 4198 393487410669
 4271 393622528178
 4285 394378406452
 4292 394465715364
 4520 394608652608
 4645 394952700067
 4667 395000079663
 4690 395038491343
 4710 395067256714
 5097 395209220610
 5494 395910920977
 5529 396476691326
 5555 396977172737
 5612 397829623381
 5723 398313294089
 5765 398354704383
 5808 399095817530
 5939 399146981182
break loop is 6004
4800.4890000000ms
score: 399146981182
ret_score: 399147073684
log_score: 11.6011329496
T_max: 1000
N_job: 1000
N_worker: 5
  153 798944395627
  174 802029650479
  241 802348205604
  295 802603423648
break loop is 560
4800.1350000000ms
score: 802603423648
ret_score: 802603542888
log_score: 11.9045010725
T_max: 700
N_job: 250
N_worker: 5
  357 278789994714
  662 279172469876
  687 281452655600
  795 282574979783
  979 282754636499
 1125 283066542418
 1225 283243735721
 1381 283476116554
 1995 283528318686
 2109 283857315178
 2777 287312966133
 3289 287850104095
 4676 287971353516
 4745 288780058019
 4921 290039649622
 5209 290225206886
 5409 290395335381
 5713 290417144997
 5925 290720786175
 6789 291625673440
16268 291974258888
16492 293156163965
17081 293361266572
17581 293488939904
17625 293608919840
break loop is 17737
4800.2290000000ms
score: 293608919840
ret_score: 293608975431
log_score: 11.4677693275
T_max: 1000
N_job: 1001
N_worker: 1
   21 105599506057
break loop is 34502
4800.0930000000ms
score: 105599506057
ret_score: 105599518013
log_score: 11.0236619360
T_max: 1000
N_job: 1000
N_worker: 1
   84 169149283048
  111 169438220328
  120 170403122987
  496 170786262862
  512 171137682948
 1625 171313458515
break loop is 31677
4800.0680000000ms
score: 171313458515
ret_score: 171313481367
log_score: 11.2337915407
T_max: 1000
N_job: 500
N_worker: 5
   16 370313515811
   18 370363494230
   87 371217645095
   99 372093312978
  114 372604441565
  301 374467416666
  363 374802269831
  484 375160522075
  565 377976427061
  797 379117507952
 1281 379298558839
 1478 380451877253
 1582 381217664984
 1777 381310617876
 1926 381332854009
 1947 382042207054
 1968 382422238069
 2248 383270730479
 2600 384045477178
 2775 385306825124
 2925 385430110803
 3328 385554436477
 3453 386217780072
 3961 387855422889
 4182 388460344033
 4479 388571451764
 4513 388620694084
 4967 390518472390
 5073 390522306958
 6139 390624535162
 6160 391251328498
 7681 391937243032
 8302 393726685496
 8367 394881253361
 8844 395324229270
10269 395566711560
break loop is 11291
4800.2720000000ms
score: 395566711560
ret_score: 395566780206
log_score: 11.5972198123
T_max: 300
N_job: 1002
N_worker: 2
  243 62866597499
break loop is 75504
4800.0430000000ms
score: 62866597499
ret_score: 62866606736
log_score: 10.7984200197
